1 1 100000018 400 60 24.326497844420505 -137.09156812099434 24.3270368311255 -137.09551148575687 -1 -1 elec satellite_3014819585
2 1 100000018 400 60 24.338438754582313 -137.08548988806163 24.33897774128731 -137.08943362447275 -1 -1 elec satellite_3014819585
2 1 100000018 400 60 24.372430581833846 -137.08737937367027 24.372969568538842 -137.0913241693641 -1 -1 elec satellite_3083531202
3 1 100000018 400 60 24.338169394546718 -137.11993416804938 24.338708381251713 -137.1238778960743 -1 -1 elec satellite_3014819585
3 1 100000018 400 60 24.33050550017281 -137.1162968566443 24.331044486877804 -137.12024034611412 -1 -1 elec satellite_3083531202
4 1 100000018 400 60 24.371087026853072 -137.10116154040247 24.371626013558068 -137.10510629419014 -1 -1 elec satellite_3014819585
5 1 100000018 400 60 24.342240845650213 -137.0842542183922 24.34277983235521 -137.08819807319017 -1 -1 elec satellite_3014819585
5 1 100000018 400 60 24.344816934308735 -137.09841067989726 24.34535592101373 -137.10235461492158 -1 -1 elec satellite_3083531202
6 1 100000018 400 60 24.342779062128685 -137.07531627907306 24.34331804883368 -137.07926015063163 -1 -1 elec satellite_3083531202
7 1 100000018 400 60 24.331797612197576 -137.07040605523738 24.33233659890257 -137.07434958492 -1 -1 elec satellite_3014819585
7 1 100000018 400 60 24.338446564508498 -137.07355937419564 24.338985551213494 -137.07750311084993 -1 -1 elec satellite_3083531202
8 1 100000018 400 60 24.33156075461667 -137.06825446360097 24.332099741321667 -137.07219798591194 -1 -1 elec satellite_3014819585
8 1 100000018 400 60 24.354440668994652 -137.08026599906987 24.354979655699648 -137.08421023390267 -1 -1 elec satellite_3083531202
9 1 100000018 400 60 24.328663952861028 -137.09218529853638 24.329202939566024 -137.09612873069892 -1 -1 elec satellite_3014819585
9 1 100000018 400 60 24.37172448518773 -137.08407818171708 24.372263471892726 -137.088022955387 -1 -1 elec satellite_3083531202
10 1 100000018 400 60 24.329723955056235 -137.09560981804148 24.33026294176123 -137.0995532831896 -1 -1 elec satellite_3014819585
10 1 100000018 400 60 24.36807554507914 -137.07600745653454 24.368614531784136 -137.07995211640363 -1 -1 elec satellite_3083531202
11 1 100000018 400 60 24.31261223201839 -137.0704097682745 24.313151218723387 -137.074352701165 -1 -1 elec satellite_3014819585
11 1 100000018 400 60 24.341030602664752 -137.07215064328375 24.341569589369747 -137.07609446039538 -1 -1 elec satellite_3083531202
12 1 100000018 400 60 24.339718011265777 -137.0774978699007 24.340256997970773 -137.08144164614168 -1 -1 elec satellite_3014819585
12 1 100000018 400 60 24.366016891098567 -137.09153675100922 24.366555877803563 -137.09548134668424 -1 -1 elec satellite_3083531202
13 1 100000018 400 60 24.339184116761817 -137.0922426045297 24.339723103466813 -137.09618636414746 -1 -1 elec satellite_3014819585
13 1 100000018 400 60 24.34546328724665 -137.0776621391079 24.346002273951644 -137.08160609426318 -1 -1 elec satellite_3083531202
14 1 100000018 400 60 24.336245067712525 -137.0873909291229 24.33678405441752 -137.0913345972397 -1 -1 elec satellite_3014819585
15 1 100000018 400 60 24.305378615991966 -137.08289585572064 24.30591760269696 -137.08683856375956 -1 -1 elec satellite_3083531202
16 1 100000018 400 60 24.344838975946868 -137.05989315366637 24.345377962651863 -137.0638370893772 -1 -1 elec satellite_3014819585
17 1 100000018 400 60 24.3408628237254 -137.07709530081192 24.341401810430394 -137.0810391126992 -1 -1 elec satellite_3014819585
18 1 100000018 400 60 24.322691899769197 -137.1153136655244 24.323230886474192 -137.11925691188154 -1 -1 elec satellite_3014819585
18 1 100000018 400 60 24.361932277586384 -137.10219106921704 24.36247126429138 -137.10613553754473 -1 -1 elec satellite_3083531202
19 1 100000018 400 60 24.341353681464458 -137.08619548885602 24.341892668169454 -137.09013931602792 -1 -1 elec satellite_3014819585
19 1 100000018 400 60 24.327887507196348 -137.0996934282755 24.328426493901343 -137.10363683627745 -1 -1 elec satellite_3083531202
21 1 100000018 400 60 24.351199027481563 -137.08595545329953 24.35173801418656 -137.08989958712786 -1 -1 elec satellite_3014819585
22 1 100000018 400 60 24.34058191623194 -137.0930547793346 24.341120902936936 -137.09699858247498 -1 -1 elec satellite_3014819585
23 1 100000018 400 60 24.342426571557386 -137.07603714745332 24.34296555826238 -137.07998100803493 -1 -1 elec satellite_3014819585
23 1 100000018 400 60 24.34894660320492 -137.0692320264427 24.349485589909914 -137.0731760900995 -1 -1 elec satellite_3083531202
24 1 100000018 400 60 24.313682254231278 -137.09442601684216 24.314221240936273 -137.09836898300105 -1 -1 elec satellite_3014819585
25 1 100000018 400 60 24.33991944985626 -137.08431232266577 24.340458436561256 -137.08825610517883 -1 -1 elec satellite_3014819585
26 1 100000018 400 60 24.36349549711835 -137.0738044744155 24.364034483823346 -137.07774899147688 -1 -1 elec satellite_3083531202
27 1 100000018 400 60 24.36534736472504 -137.0936324964283 24.365886351430035 -137.09757707122736 -1 -1 elec satellite_3083531202
28 1 100000018 400 60 24.35813850614086 -137.0650168950722 24.358677492845857 -137.06896124514554 -1 -1 elec satellite_3014819585
28 1 100000018 400 60 24.369360602476284 -137.0881736067068 24.36989958918128 -137.09211830665086 -1 -1 elec satellite_3083531202
29 1 100000018 400 60 24.344388418101577 -137.08536994887152 24.344927404806572 -137.08931387054992 -1 -1 elec satellite_3083531202
30 1 100000018 400 60 24.33850654615247 -137.09733676985425 24.339045532857465 -137.10128050837602 -1 -1 elec satellite_3014819585
30 1 100000018 400 60 24.33802469865942 -137.0865818113916 24.338563685364417 -137.09052553491162 -1 -1 elec satellite_3083531202
31 1 100000018 400 60 24.309638925062647 -137.08323540390134 24.310177911767642 -137.0871782443581 -1 -1 elec satellite_3014819585
31 1 100000018 400 60 24.36461726054124 -137.0929518742661 24.365156247246237 -137.0968964263012 -1 -1 elec satellite_3083531202
32 1 100000018 400 60 24.348741949372865 -137.05868420711246 24.34928093607786 -137.06262826439396 -1 -1 elec satellite_3014819585
32 1 100000018 400 60 24.338362959695154 -137.0896380255303 24.33890194640015 -137.0935817595816 -1 -1 elec satellite_3083531202
34 1 100000018 400 60 24.320553767298755 -137.08983941427638 24.32109275400375 -137.09378259412557 -1 -1 elec satellite_3014819585
34 1 100000018 400 60 24.308628233365567 -137.09105630517004 24.309167220070563 -137.09499911420997 -1 -1 elec satellite_3083531202
35 1 100000018 400 60 24.344774337813522 -137.10921432209335 24.345313324518518 -137.113158255791 -1 -1 elec satellite_3014819585
35 1 100000018 400 60 24.31864349444991 -137.08443205452656 24.319182481154904 -137.08837517496207 -1 -1 elec satellite_3083531202
36 1 100000018 400 60 24.3386913968531 -137.0864103463528 24.339230383558096 -137.09035409062977 -1 -1 elec satellite_3083531202
37 1 100000018 400 60 24.334803371272614 -137.07017978877417 24.33534235797761 -137.07412341201217 -1 -1 elec satellite_3014819585
37 1 100000018 400 60 24.34596680646428 -137.09792279335505 24.346505793169275 -137.10186676419312 -1 -1 elec satellite_3083531202
38 1 100000018 400 60 24.365514272293158 -137.08415248611993 24.366053258998154 -137.08809706612314 -1 -1 elec satellite_3014819585
39 1 100000018 400 60 24.33371010643502 -137.08984501461256 24.334249093140016 -137.0937886038205 -1 -1 elec satellite_3014819585
39 1 100000018 400 60 24.350266959103372 -137.06933943938384 24.350805945808368 -137.07328354417368 -1 -1 elec satellite_3083531202
40 1 100000018 400 60 24.359673986017373 -137.1134885459998 24.36021297272237 -137.1174329439321 -1 -1 elec satellite_3014819585
40 1 100000018 400 60 24.34899040563937 -137.07239243807487 24.349529392344365 -137.0763365030962 -1 -1 elec satellite_3083531202
41 1 100000018 400 60 24.359033693683465 -137.071142197474 24.35957268038846 -137.07508657544872 -1 -1 elec satellite_3014819585
41 1 100000018 400 60 24.3526944199549 -137.0798711491178 24.353233406659896 -137.083815329538 -1 -1 elec satellite_3083531202
42 1 100000018 400 60 24.34027994631986 -137.06021349411463 24.340818933024856 -137.06415728785245 -1 -1 elec satellite_3014819585
42 1 100000018 400 60 24.34842134128902 -137.0786622706387 24.348960327994014 -137.08260631793283 -1 -1 elec satellite_3083531202
43 1 100000018 400 60 24.34105274524105 -137.08706384204842 24.341591731946046 -137.09100765984954 -1 -1 elec satellite_3083531202
44 1 100000018 400 60 24.374529895086788 -137.09127931945756 24.375068881791783 -137.0952241806362 -1 -1 elec satellite_3014819585
44 1 100000018 400 60 24.34061167656231 -137.0937305049445 24.341150663267307 -137.09767430901155 -1 -1 elec satellite_3083531202
45 1 100000018 400 60 24.336223177743115 -137.0870145427027 24.33676216444811 -137.09095821013804 -1 -1 elec satellite_3083531202
46 1 100000018 400 60 24.349991324671063 -137.06606714952798 24.35053031137606 -137.07001124573074 -1 -1 elec satellite_3014819585
46 1 100000018 400 60 24.350397323924238 -137.07769199434478 24.350936310629233 -137.08163610319602 -1 -1 elec satellite_3083531202
47 1 100000018 400 60 24.352811785119734 -137.09423206440243 24.35335077182473 -137.09817624847955 -1 -1 elec satellite_3083531202
48 1 100000018 400 60 24.34531261038139 -137.08285169610463 24.345851597086387 -137.08679564656694 -1 -1 elec satellite_3014819585
48 1 100000018 400 60 24.332826163057177 -137.06918735497712 24.333365149762173 -137.07313091667203 -1 -1 elec satellite_3083531202
49 1 100000018 400 60 24.319128308334733 -137.07734885458956 24.31966729503973 -137.08129199010327 -1 -1 elec satellite_3014819585
50 1 100000018 400 60 24.305039076158856 -137.08582222678362 24.30557806286385 -137.08976492427036 -1 -1 elec satellite_3014819585
50 1 100000018 400 60 24.35191766646326 -137.06995308644966 24.352456653168257 -137.07389724266812 -1 -1 elec satellite_3083531202
51 1 100000018 400 60 24.31617011332628 -137.06351625527236 24.316709100031275 -137.06745929878946 -1 -1 elec satellite_3014819585
51 1 100000018 400 60 24.340604364642797 -137.07774934484215 24.341143351347792 -137.08169314868152 -1 -1 elec satellite_3083531202
52 1 100000018 400 60 24.356845319892642 -137.0812387675699 24.357384306597638 -137.08518307733934 -1 -1 elec satellite_3014819585
52 1 100000018 400 60 24.338946128987903 -137.05045928600313 24.3394851156929 -137.05440303821112 -1 -1 elec satellite_3083531202
53 1 100000018 400 60 24.32970665400614 -137.05748674468776 24.330245640711137 -137.0614302092975 -1 -1 elec satellite_3014819585
53 1 100000018 400 60 24.33286701426547 -137.0987422030583 24.333406000970466 -137.10268576602468 -1 -1 elec satellite_3083531202
54 1 100000018 400 60 24.312198313217785 -137.0994601052294 24.31273729992278 -137.1034030252512 -1 -1 elec satellite_3014819585
55 1 100000018 400 60 24.33575937472543 -137.06823743822653 24.336298361430426 -137.0721810912237 -1 -1 elec satellite_3014819585
56 1 100000018 400 60 24.338128531452224 -137.11898935636916 24.33866751815722 -137.12293308312186 -1 -1 elec satellite_3014819585
56 1 100000018 400 60 24.35303490983653 -137.08841528203743 24.353573896541526 -137.0923594730668 -1 -1 elec satellite_3083531202
57 1 100000018 400 60 24.338272396955784 -137.08683920633894 24.33881138366078 -137.0907829375707 -1 -1 elec satellite_3014819585
57 1 100000018 400 60 24.304969336343493 -137.0871480599119 24.30550832304849 -137.0910907552313 -1 -1 elec satellite_3083531202
58 1 100000018 400 60 24.3346725541521 -137.0771276301001 24.335211540857095 -137.08107124926605 -1 -1 elec satellite_3083531202
59 1 100000018 400 60 24.357857773766167 -137.1010854876915 24.358396760471162 -137.10502982901522 -1 -1 elec satellite_3014819585
59 1 100000018 400 60 24.33990075386595 -137.0851187570871 24.340439740570947 -137.08906253901802 -1 -1 elec satellite_3083531202
60 1 100000018 400 60 24.307569875016544 -137.09392048515997 24.30810886172154 -137.09786326130322 -1 -1 elec satellite_3083531202
61 1 100000018 400 60 24.369454211870956 -137.09137293686695 24.36999319857595 -137.09531763973035 -1 -1 elec satellite_3014819585
61 1 100000018 400 60 24.359867449674848 -137.10771286952806 24.360406436379844 -137.1116572734907 -1 -1 elec satellite_3083531202
62 1 100000018 400 60 24.336545821896053 -137.1057043181123 24.33708480860105 -137.10964799559173 -1 -1 elec satellite_3014819585
62 1 100000018 400 60 24.33563461755491 -137.06774075015937 24.336173604259905 -137.07168439927293 -1 -1 elec satellite_3083531202
63 1 100000018 400 60 24.34034868044574 -137.08171434274192 24.340887667150735 -137.08565813861992 -1 -1 elec satellite_3014819585
63 1 100000018 400 60 24.35445015508501 -137.0840665069787 24.354989141790007 -137.08801074210712 -1 -1 elec satellite_3083531202
64 1 100000018 400 60 24.372982059722688 -137.07610360748814 24.373521046427683 -137.08004842038375 -1 -1 elec satellite_3014819585
64 1 100000018 400 60 24.356299807683325 -137.08687665975629 24.35683879438832 -137.09082095252498 -1 -1 elec satellite_3083531202
65 1 100000018 400 60 24.336422246733473 -137.0823824741444 24.33696123343847 -137.08632614777684 -1 -1 elec satellite_3014819585
65 1 100000018 400 60 24.356259610795384 -137.07134001088443 24.35679859750038 -137.0752843024004 -1 -1 elec satellite_3083531202
66 1 100000018 400 60 24.330039888045157 -137.07313212910333 24.330578874750152 -137.07707560408318 -1 -1 elec satellite_3014819585
66 1 100000018 400 60 24.33662764507135 -137.08552215144655 24.337166631776345 -137.08946583147323 -1 -1 elec satellite_3083531202
67 1 100000018 400 60 24.32680581844175 -137.07106352396772 24.327344805146744 -137.0750068983126 -1 -1 elec satellite_3014819585
67 1 100000018 400 60 24.31799525953737 -137.08548458735115 24.318534246242365 -137.08942768762654 -1 -1 elec satellite_3083531202
68 1 100000018 400 60 24.338440391303617 -137.08722461263625 24.338979378008613 -137.09116834909833 -1 -1 elec satellite_3014819585
68 1 100000018 400 60 24.33930574437671 -137.05076912656733 24.339844731081705 -137.05471288997202 -1 -1 elec satellite_3083531202
69 1 100000018 400 60 24.33262935076531 -137.10662114261777 24.333168337470305 -137.110564698187 -1 -1 elec satellite_3014819585
69 1 100000018 400 60 24.321791965781436 -137.09858677826767 24.322330952486432 -137.10252999663086 -1 -1 elec satellite_3083531202
70 1 100000018 400 60 24.327924311267786 -137.06827907486485 24.32846329797278 -137.07222248401203 -1 -1 elec satellite_3014819585
70 1 100000018 400 60 24.33174189453143 -137.09240934493346 24.332280881236425 -137.09635287288197 -1 -1 elec satellite_3083531202
71 1 100000018 400 60 24.340545032212674 -137.098910326317 24.34108401891767 -137.1028541283089 -1 -1 elec satellite_3014819585
71 1 100000018 400 60 24.36310388348001 -137.0856235090104 24.363642870185007 -137.08956801386273 -1 -1 elec satellite_3083531202
72 1 100000018 400 60 24.352322389585627 -137.0972860081432 24.352861376290623 -137.1012301769717 -1 -1 elec satellite_3014819585
72 1 100000018 400 60 24.32671046757415 -137.11578187906343 24.327249454279144 -137.11972525044155 -1 -1 elec satellite_3083531202
74 1 100000018 400 60 24.332264929477923 -137.11566310939187 24.332803916182918 -137.1196066536189 -1 -1 elec satellite_3014819585
74 1 100000018 400 60 24.354650236338028 -137.07325980338408 24.355189223043023 -137.07720404474728 -1 -1 elec satellite_3083531202
75 1 100000018 400 60 24.339696737889586 -137.07924391770817 24.34023572459458 -137.0831876932868 -1 -1 elec satellite_3014819585
75 1 100000018 400 60 24.340255786951015 -137.08521893838008 24.34079477365601 -137.08916273136563 -1 -1 elec satellite_3083531202
76 1 100000018 400 60 24.338347062484527 -137.07683622888908 24.338886049189522 -137.08077996244546 -1 -1 elec satellite_3014819585
77 1 100000018 400 60 24.34112551846094 -137.08138599940747 24.341664505165937 -137.08532981947462 -1 -1 elec satellite_3014819585
77 1 100000018 400 60 24.340146749143972 -137.07905344674464 24.340685735848968 -137.08299723633507 -1 -1 elec satellite_3083531202
79 1 100000018 400 60 24.30437101632707 -137.07915660810895 24.304910003032067 -137.0830992848344 -1 -1 elec satellite_3014819585
79 1 100000018 400 60 24.365406551681357 -137.06076145364378 24.365945538386352 -137.06470603028825 -1 -1 elec satellite_3083531202
80 1 100000018 400 60 24.336995557494696 -137.0623901518947 24.33753454419969 -137.066333843375 -1 -1 elec satellite_3014819585
81 1 100000018 400 60 24.33710200460741 -137.09653550481548 24.337640991312405 -137.10047919960965 -1 -1 elec satellite_3014819585
82 1 100000018 400 60 24.3421872598553 -137.09340161514785 24.342726246560296 -137.09734546827715 -1 -1 elec satellite_3014819585
82 1 100000018 400 60 24.350303537809214 -137.08929492653579 24.35084252451421 -137.0932390324652 -1 -1 elec satellite_3083531202
83 1 100000018 400 60 24.347345133689096 -137.07824340256448 24.34788412039409 -137.08218741633468 -1 -1 elec satellite_3014819585
83 1 100000018 400 60 24.34134204684169 -137.08372592812145 24.341881033546684 -137.08766975493106 -1 -1 elec satellite_3083531202
84 1 100000018 400 60 24.366021855721257 -137.10719825789366 24.366560842426253 -137.1111428537235 -1 -1 elec satellite_3014819585
84 1 100000018 400 60 24.352184011061013 -137.10316340918376 24.35272299776601 -137.10710757370077 -1 -1 elec satellite_3083531202
85 1 100000018 400 60 24.358142482105443 -137.0835665613139 24.35868146881044 -137.08751091151115 -1 -1 elec satellite_3083531202
86 1 100000018 400 60 24.355527440633036 -137.07537568751704 24.356066427338032 -137.07931995621593 -1 -1 elec satellite_3014819585
86 1 100000018 400 60 24.337927604984728 -137.07323433481199 24.338466591689723 -137.07717805530916 -1 -1 elec satellite_3083531202
87 1 100000018 400 60 24.34584101687096 -137.1203996315874 24.346380003575955 -137.12434359850752 -1 -1 elec satellite_3014819585
87 1 100000018 400 60 24.354428206983066 -137.08034520726062 24.35496719368806 -137.0842894417051 -1 -1 elec satellite_3083531202
88 1 100000018 400 60 24.32308048493562 -137.07358847273818 24.323619471640615 -137.07753173118334 -1 -1 elec satellite_3014819585
89 1 100000018 400 60 24.36159391295152 -137.082781570759 24.362132899656515 -137.08672602853866 -1 -1 elec satellite_3014819585
89 1 100000018 400 60 24.351190774710442 -137.06472315595315 24.351729761415438 -137.06866728952437 -1 -1 elec satellite_3083531202
90 1 100000018 400 60 24.341382569903836 -137.08924953572884 24.34192155660883 -137.09319336380028 -1 -1 elec satellite_3014819585
90 1 100000018 400 60 24.35020996733871 -137.08221291477247 24.350748954043706 -137.08615701778677 -1 -1 elec satellite_3083531202
91 1 100000018 400 60 24.339850850953113 -137.08014976544214 24.34038983765811 -137.0840935458193 -1 -1 elec satellite_3083531202
92 1 100000018 400 60 24.359034751819017 -137.0645178603626 24.359573738524013 -137.0684622383703 -1 -1 elec satellite_3083531202
93 1 100000018 400 60 24.355127133270607 -137.09160720039577 24.355666119975602 -137.09555145662 -1 -1 elec satellite_3083531202
94 1 100000018 400 60 24.35286819643418 -137.10879278981528 24.353407183139176 -137.11273697565008 -1 -1 elec satellite_3014819585
95 1 100000018 400 60 24.346069046705885 -137.08648639948018 24.34660803341088 -137.09043037350273 -1 -1 elec satellite_3014819585
95 1 100000018 400 60 24.309981669045726 -137.10308811411335 24.31052065575072 -137.10703096522454 -1 -1 elec satellite_3083531202
96 1 100000018 400 60 24.336802737116912 -137.0731857109959 24.337341723821908 -137.0771293964734 -1 -1 elec satellite_3014819585
96 1 100000018 400 60 24.331634337062024 -137.05775406693843 24.33217332376702 -137.06169759153946 -1 -1 elec satellite_3083531202
97 1 100000018 400 60 24.341413998483233 -137.06528093114954 24.34195298518823 -137.06922476019966 -1 -1 elec satellite_3014819585
97 1 100000018 400 60 24.333201186153367 -137.09172250496187 24.333740172858363 -137.09566607832934 -1 -1 elec satellite_3083531202
98 1 100000018 400 60 24.354094577857524 -137.06426663142364 24.35463356456252 -137.06821085547193 -1 -1 elec satellite_3083531202
99 1 100000018 400 60 24.349138466765673 -137.07796603149848 24.34967745347067 -137.08191010113222 -1 -1 elec satellite_3014819585
99 1 100000018 400 60 24.320983645280577 -137.103692669747 24.321522631985573 -137.10763586296721 -1 -1 elec satellite_3083531202
100 1 100000018 400 60 24.33844474863479 -137.07600794054258 24.338983735339784 -137.07995167714034 -1 -1 elec satellite_3014819585
100 1 100000018 400 60 24.33821725878149 -137.0978770067041 24.338756245486486 -137.1018207362192 -1 -1 elec satellite_3083531202
101 1 100000018 400 60 24.325584503483075 -137.0923998106897 24.32612349018807 -137.09634314703538 -1 -1 elec satellite_3014819585
101 1 100000018 400 60 24.311149832478723 -137.09865809262675 24.31168881918372 -137.10260098005253 -1 -1 elec satellite_3083531202
102 1 100000018 400 60 24.365948656069925 -137.07372549996097 24.36648764277492 -137.07767009350837 -1 -1 elec satellite_3014819585
102 1 100000018 400 60 24.365977009605444 -137.08241481548 24.36651599631044 -137.0863594099115 -1 -1 elec satellite_3083531202
103 1 100000018 400 60 24.337183999295274 -137.09422365992555 24.33772298600027 -137.09816735727236 -1 -1 elec satellite_3014819585
103 1 100000018 400 60 24.35660996030962 -137.09104628049644 24.357148947014615 -137.0949905829309 -1 -1 elec satellite_3083531202
104 1 100000018 400 60 24.324961026711147 -137.09479397843245 24.325500013416143 -137.09873729538066 -1 -1 elec satellite_3014819585
104 1 100000018 400 60 24.345255998947952 -137.0678703323365 24.345794985652947 -137.0718142810356 -1 -1 elec satellite_3083531202
105 1 100000018 400 60 24.33363889946207 -137.08223769846677 24.334177886167065 -137.08618128545834 -1 -1 elec satellite_3014819585
105 1 100000018 400 60 24.32780183026809 -137.07788542995615 24.328340816973085 -137.08182883529219 -1 -1 elec satellite_3083531202
106 1 100000018 400 60 24.342825257704753 -137.09109818224348 24.34336424440975 -137.09504205524064 -1 -1 elec satellite_3014819585
106 1 100000018 400 60 24.34286940951081 -137.0693533492439 24.343408396215807 -137.073297223616 -1 -1 elec satellite_3083531202
107 1 100000018 400 60 24.327786305774385 -137.06610416539064 24.32832529247938 -137.07004757024362 -1 -1 elec satellite_3014819585
107 1 100000018 400 60 24.339633175189014 -137.08537505840127 24.34017216189401 -137.0893188320008 -1 -1 elec satellite_3083531202
108 1 100000018 400 60 24.35734927136498 -137.10191307186093 24.357888258069977 -137.1058573973364 -1 -1 elec satellite_3014819585
108 1 100000018 400 60 24.327551904982293 -137.07812619567295 24.32809089168729 -137.08206959323235 -1 -1 elec satellite_3083531202
109 1 100000018 400 60 24.32755830203155 -137.0790086684106 24.328097288736547 -137.08295206616904 -1 -1 elec satellite_3014819585
109 1 100000018 400 60 24.319098611315198 -137.0781615383395 24.319637598020194 -137.08210467292957 -1 -1 elec satellite_3083531202
110 1 100000018 400 60 24.364612265278335 -137.09272165547227 24.36515125198333 -137.09666620735163 -1 -1 elec satellite_3014819585
110 1 100000018 400 60 24.339787492742186 -137.0854447817796 24.34032647944718 -137.08938856018398 -1 -1 elec satellite_3083531202
111 1 100000018 400 60 24.331483319523027 -137.07451147692 24.332022306228023 -137.07845499682102 -1 -1 elec satellite_3014819585
113 1 100000018 400 60 24.352091998873792 -137.10118522690993 24.352630985578788 -137.10512938856007 -1 -1 elec satellite_3014819585
113 1 100000018 400 60 24.358174818028377 -137.06786905609718 24.358713804733373 -137.07181340730227 -1 -1 elec satellite_3083531202
115 1 100000018 400 60 24.325619457459418 -137.06911467511927 24.326158444164413 -137.07305801255245 -1 -1 elec satellite_3014819585
116 1 100000018 400 60 24.319259977471198 -137.09456794642446 24.319798964176194 -137.09851108603328 -1 -1 elec satellite_3014819585
116 1 100000018 400 60 24.33408299300052 -137.08119579534443 24.334621979705517 -137.08513939615898 -1 -1 elec satellite_3083531202
117 1 100000018 400 60 24.33810293095902 -137.08341338481137 24.338641917664017 -137.08735711076704 -1 -1 elec satellite_3014819585
118 1 100000018 400 60 24.328666019593605 -137.0551496459602 24.3292050062986 -137.05909307818703 -1 -1 elec satellite_3083531202
119 1 100000018 400 60 24.352293606034355 -137.10080091039225 24.35283259273935 -137.10474507832396 -1 -1 elec satellite_3083531202
120 1 100000018 400 60 24.35487316075446 -137.06209594143365 24.355412147459457 -137.06604018974357 -1 -1 elec satellite_3014819585
120 1 100000018 400 60 24.320412607426274 -137.06060459020836 24.32095159413127 -137.06454776566696 -1 -1 elec satellite_3083531202
121 1 100000018 400 60 24.334020449091014 -137.08261662765398 24.33455943579601 -137.08656022652175 -1 -1 elec satellite_3014819585
122 1 100000018 400 60 24.314801697949914 -137.08445387997335 24.31534068465491 -137.08839688093926 -1 -1 elec satellite_3014819585
122 1 100000018 400 60 24.345543372138764 -137.06221167063217 24.34608235884376 -137.06615562828176 -1 -1 elec satellite_3083531202
123 1 100000018 400 60 24.331657416480045 -137.07395586618998 24.33219640318504 -137.0778993915093 -1 -1 elec satellite_3014819585
124 1 100000018 400 60 24.340907828174597 -137.097361400739 24.341446814879593 -137.10130521402763 -1 -1 elec satellite_3014819585
125 1 100000018 400 60 24.336922872751206 -137.06759695046463 24.3374618594562 -137.07154063968213 -1 -1 elec satellite_3014819585
125 1 100000018 400 60 24.356628213875936 -137.06457815101632 24.357167200580932 -137.06852245401964 -1 -1 elec satellite_3083531202
126 1 100000018 400 60 24.340002845772837 -137.08511810885304 24.340541832477832 -137.0890618939628 -1 -1 elec satellite_3014819585
126 1 100000018 400 60 24.32152121621085 -137.09379135916208 24.322060202915846 -137.0977345691034 -1 -1 elec satellite_3083531202
127 1 100000018 400 60 24.33932104737372 -137.0869804516872 24.339860034078715 -137.09092421556835 -1 -1 elec satellite_3014819585
127 1 100000018 400 60 24.339958747143744 -137.09713645162984 24.34049773384874 -137.10108023536648 -1 -1 elec satellite_3083531202
128 1 100000018 400 60 24.3613240867164 -137.0805727599393 24.361863073421397 -137.08451720930762 -1 -1 elec satellite_3014819585
128 1 100000018 400 60 24.317170602425 -137.08251535729502 24.317709589129997 -137.08645843192457 -1 -1 elec satellite_3083531202
129 1 100000018 400 60 24.357904937664443 -137.09006739087852 24.35844392436944 -137.09401173367218 -1 -1 elec satellite_3014819585
129 1 100000018 400 60 24.34830352186928 -137.1033966408661 24.348842508574275 -137.10734068449005 -1 -1 elec satellite_3083531202
130 1 100000018 400 60 24.354394495300433 -137.09364791395927 24.35493348200543 -137.09759214735325 -1 -1 elec satellite_3014819585
130 1 100000018 400 60 24.32528184543349 -137.08527730020378 24.325820832138486 -137.08922062713316 -1 -1 elec satellite_3083531202
131 1 100000018 400 60 24.36318807136189 -137.0625695124195 24.363727058066885 -137.06651401989646 -1 -1 elec satellite_3014819585
132 1 100000018 400 60 24.361845939781613 -137.06527911635433 24.36238492648661 -137.06922358199054 -1 -1 elec satellite_3014819585
132 1 100000018 400 60 24.366077445905855 -137.06940701143893 24.36661643261085 -137.07335160900212 -1 -1 elec satellite_3083531202
133 1 100000018 400 60 24.332687657259754 -137.08253822786216 24.33322664396475 -137.08648178524615 -1 -1 elec satellite_3014819585
133 1 100000018 400 60 24.356984686041677 -137.0774669368043 24.357523672746673 -137.08141125091717 -1 -1 elec satellite_3083531202
134 1 100000018 400 60 24.324234864083824 -137.07885545029205 24.32477385078882 -137.08279874464887 -1 -1 elec satellite_3014819585
134 1 100000018 400 60 24.30931870853828 -137.09489680342003 24.309857695243277 -137.09883963392284 -1 -1 elec satellite_3083531202
135 1 100000018 400 60 24.343249340627633 -137.089107164508 24.34378832733263 -137.0930510507119 -1 -1 elec satellite_3014819585
136 1 100000018 400 60 24.35907740113612 -137.07736138774408 24.359616387841115 -137.08130576708112 -1 -1 elec satellite_3083531202
137 1 100000018 400 60 24.35405892189103 -137.0837334026749 24.354597908596027 -137.08767762561214 -1 -1 elec satellite_3014819585
137 1 100000018 400 60 24.33792667582105 -137.06816869210925 24.338465662526044 -137.0721124125775 -1 -1 elec satellite_3083531202
138 1 100000018 400 60 24.353723708699416 -137.09398624695925 24.35426269540441 -137.09793045945116 -1 -1 elec satellite_3014819585
139 1 100000018 400 60 24.33169960455154 -137.07890147552231 24.332238591256537 -137.08284500215464 -1 -1 elec satellite_3014819585
139 1 100000018 400 60 24.339554934175315 -137.0941292392597 24.34009392088031 -137.09807301042312 -1 -1 elec satellite_3083531202
140 1 100000018 400 60 24.33947988940172 -137.0852495990868 24.340018876106715 -137.08919336791362 -1 -1 elec satellite_3014819585
141 1 100000018 400 60 24.34552528738064 -137.08935286366324 24.346064274085634 -137.09329682074957 -1 -1 elec satellite_3014819585
142 1 100000018 400 60 24.32524623857709 -137.06876791593376 24.325785225282086 -137.07271124175534 -1 -1 elec satellite_3014819585
142 1 100000018 400 60 24.34653036897742 -137.11565575877185 24.347069355682414 -137.1195997471634 -1 -1 elec satellite_3083531202
144 1 100000018 400 60 24.33858364530582 -137.06471165962057 24.339122632010817 -137.06865540054275 -1 -1 elec satellite_3014819585
144 1 100000018 400 60 24.347914525797716 -137.07300663779222 24.34845351250271 -137.07695066929878 -1 -1 elec satellite_3083531202
145 1 100000018 400 60 24.331187148964005 -137.08738877828097 24.331726135669 -137.09133228896454 -1 -1 elec satellite_3083531202
146 1 100000018 400 60 24.355715874992388 -137.0725114458511 24.356254861697384 -137.0764557204222 -1 -1 elec satellite_3014819585
146 1 100000018 400 60 24.346637054994197 -137.08814630559164 24.347176041699193 -137.0920902973062 -1 -1 elec satellite_3083531202
147 1 100000018 400 60 24.339365816563678 -137.08535108015354 24.339904803268674 -137.0892948454286 -1 -1 elec satellite_3014819585
147 1 100000018 400 60 24.346170434668267 -137.0880551833198 24.346709421373262 -137.09199916050028 -1 -1 elec satellite_3083531202
148 1 100000018 400 60 24.340748091770372 -137.09327447948505 24.341287078475368 -137.0972182877998 -1 -1 elec satellite_3014819585
148 1 100000018 400 60 24.35403012552073 -137.06193489379152 24.354569112225725 -137.06587911583145 -1 -1 elec satellite_3083531202
149 1 100000018 400 60 24.35249159715858 -137.0939752330914 24.353030583863575 -137.09791940719205 -1 -1 elec satellite_3014819585
149 1 100000018 400 60 24.35060184578736 -137.08702139887646 24.351140832492355 -137.09096551409948 -1 -1 elec satellite_3083531202
150 1 100000018 400 60 24.337703526287786 -137.05566999276974 24.33824251299278 -137.05961370629066 -1 -1 elec satellite_3014819585
151 1 100000018 400 60 24.33584215443144 -137.0827127336929 24.336381141136435 -137.08665638926698 -1 -1 elec satellite_3014819585
151 1 100000018 400 60 24.361191165624437 -137.10329144428778 24.361730152329432 -137.1072358895126 -1 -1 elec satellite_3083531202
152 1 100000018 400 60 24.356638498687857 -137.06764110971548 24.357177485392853 -137.07158541303934 -1 -1 elec satellite_3014819585
152 1 100000018 400 60 24.34212117259647 -137.08887260149342 24.342660159301467 -137.09281645256473 -1 -1 elec satellite_3083531202
153 1 100000018 400 60 24.32878102955831 -137.0821776309877 24.329320016263306 -137.0861210667934 -1 -1 elec satellite_3014819585
153 1 100000018 400 60 24.336285441772027 -137.08522786791661 24.336824428477023 -137.08917153729024 -1 -1 elec satellite_3083531202
154 1 100000018 400 60 24.344382745206484 -137.09375685144053 24.34492173191148 -137.09770077294226 -1 -1 elec satellite_3014819585
154 1 100000018 400 60 24.333960058908254 -137.05173455198053 24.33449904561325 -137.05567814896855 -1 -1 elec satellite_3083531202
155 1 100000018 400 60 24.340364730883874 -137.0963826451196 24.34090371758887 -137.10032644149737 -1 -1 elec satellite_3014819585
155 1 100000018 400 60 24.364629436859225 -137.06592484292136 24.36516842356422 -137.0698693953361 -1 -1 elec satellite_3083531202
156 1 100000018 400 60 24.338049411356522 -137.062200605722 24.338588398061518 -137.06614433001144 -1 -1 elec satellite_3014819585
156 1 100000018 400 60 24.342208735573102 -137.08663445795725 24.342747722278098 -137.0905783117553 -1 -1 elec satellite_3083531202
157 1 100000018 400 60 24.33351978936409 -137.08656325310739 24.334058776069085 -137.09050683639154 -1 -1 elec satellite_3014819585
157 1 100000018 400 60 24.34172543691901 -137.1019080471153 24.342264423624005 -137.10585188586342 -1 -1 elec satellite_3083531202
158 1 100000018 400 60 24.339669497670783 -137.08540836297556 24.34020848437578 -137.08935213770602 -1 -1 elec satellite_3014819585
158 1 100000018 400 60 24.35200463912857 -137.09311670939954 24.352543625833565 -137.09706086832782 -1 -1 elec satellite_3083531202
159 1 100000018 400 60 24.339633687591174 -137.08578999938226 24.34017267429617 -137.08973377299773 -1 -1 elec satellite_3014819585
160 1 100000018 400 60 24.35313616206399 -137.0690682879884 24.353675148768986 -137.07301248217266 -1 -1 elec satellite_3014819585
160 1 100000018 400 60 24.332281827343596 -137.1153671803144 24.332820814048592 -137.11931072506735 -1 -1 elec satellite_3083531202
161 1 100000018 400 60 24.314547165200835 -137.08136145111652 24.31508615190583 -137.085304444168 -1 -1 elec satellite_3014819585
161 1 100000018 400 60 24.317169171956852 -137.0634809326392 24.317708158661848 -137.06742400722428 -1 -1 elec satellite_3083531202
162 1 100000018 400 60 24.33930585151886 -137.10725071395242 24.339844838223854 -137.11119447736047 -1 -1 elec satellite_3014819585
162 1 100000018 400 60 24.33453582441511 -137.1192314125308 24.335074811120105 -137.12317502744068 -1 -1 elec satellite_3083531202
163 1 100000018 400 60 24.348792210586087 -137.0762139387645 24.349331197291082 -137.0801579976117 -1 -1 elec satellite_3014819585
163 1 100000018 400 60 24.350411825088184 -137.07900392128246 24.35095081179318 -137.0829480305855 -1 -1 elec satellite_3083531202
164 1 100000018 400 60 24.33952741105742 -137.08764479621874 24.340066397762417 -137.0915885665252 -1 -1 elec satellite_3014819585
164 1 100000018 400 60 24.343242712523043 -137.0942960041261 24.34378169922804 -137.09823989012358 -1 -1 elec satellite_3083531202
165 1 100000018 400 60 24.361471248211856 -137.07056513261 24.362010234916852 -137.0745095865658 -1 -1 elec satellite_3014819585
165 1 100000018 400 60 24.340370866558512 -137.08835984827186 24.340909853263508 -137.09230364484068 -1 -1 elec satellite_3083531202
166 1 100000018 400 60 24.35678682506881 -137.09122740723421 24.357325811773805 -137.09517171518067 -1 -1 elec satellite_3014819585
166 1 100000018 400 60 24.341215247957358 -137.06757472566596 24.341754234662353 -137.0715185485272 -1 -1 elec satellite_3083531202
167 1 100000018 400 60 24.339589728452538 -137.08517757532746 24.340128715157533 -137.08912134757423 -1 -1 elec satellite_3014819585
168 1 100000018 400 60 24.35239194218282 -137.0709938271051 24.352930928887815 -137.07493799810072 -1 -1 elec satellite_3014819585
168 1 100000018 400 60 24.36487811341298 -137.08027135717393 24.365417100117977 -137.08421591734208 -1 -1 elec satellite_3083531202
169 1 100000018 400 60 24.326264782901884 -137.10581041062113 24.32680376960688 -137.1097537681323 -1 -1 elec satellite_3083531202
170 1 100000018 400 60 24.33567573823833 -137.068206587586 24.336214724943325 -137.0721502379796 -1 -1 elec satellite_3014819585
170 1 100000018 400 60 24.362859123160586 -137.07073570467392 24.36339810986558 -137.0746802018957 -1 -1 elec satellite_3083531202
171 1 100000018 400 60 24.344785151838842 -137.0582762373905 24.345324138543837 -137.06222017142497 -1 -1 elec satellite_3014819585
171 1 100000018 400 60 24.32329240953589 -137.08914407683275 24.323831396240884 -137.0930873418705 -1 -1 elec satellite_3083531202
172 1 100000018 400 60 24.338525719130352 -137.07755313080423 24.339064705835348 -137.08149686992294 -1 -1 elec satellite_3014819585
172 1 100000018 400 60 24.315386869542333 -137.0968529202012 24.31592585624733 -137.10079593936277 -1 -1 elec satellite_3083531202
173 1 100000018 400 60 24.339046983017663 -137.0829347726013 24.33958596972266 -137.08687852794938 -1 -1 elec satellite_3014819585
173 1 100000018 400 60 24.305120530611273 -137.0945402897002 24.30565951731627 -137.09848298971835 -1 -1 elec satellite_3083531202
174 1 100000018 400 60 24.3593390628697 -137.0926832979428 24.359878049574696 -137.09662768543566 -1 -1 elec satellite_3014819585
174 1 100000018 400 60 24.349890469061453 -137.09150611771676 24.35042945576645 -137.0954502107775 -1 -1 elec satellite_3083531202
175 1 100000018 400 60 24.321404887766835 -137.08456280000382 24.32194387447183 -137.08850600632672 -1 -1 elec satellite_3014819585
175 1 100000018 400 60 24.31682312786236 -137.06072427310522 24.317362114567356 -137.0646673369291 -1 -1 elec satellite_3083531202
176 1 100000018 400 60 24.357455451130207 -137.11022477643277 24.357994437835202 -137.11416910521743 -1 -1 elec satellite_3014819585
176 1 100000018 400 60 24.33535556508682 -137.07099341986716 24.335894551791817 -137.07493706029408 -1 -1 elec satellite_3083531202
177 1 100000018 400 60 24.338664826063763 -137.08332703635813 24.33920381276876 -137.08727077980782 -1 -1 elec satellite_3014819585
177 1 100000018 400 60 24.365036519777814 -137.1103626102198 24.36557550648281 -137.1143071753269 -1 -1 elec satellite_3083531202
178 1 100000018 400 60 24.33541872309224 -137.06764353100476 24.335957709797235 -137.07158717339772 -1 -1 elec satellite_3014819585
178 1 100000018 400 60 24.338426072472615 -137.11170310716608 24.33896505917761 -137.11564684318236 -1 -1 elec satellite_3083531202
179 1 100000018 400 60 24.35526091460243 -137.0622039509863 24.355799901307424 -137.06614821137947 -1 -1 elec satellite_3014819585
179 1 100000018 400 60 24.34210069743949 -137.0652918715304 24.342639684144487 -137.0692357219641 -1 -1 elec satellite_3083531202
180 1 100000018 400 60 24.308500590409626 -137.06885261721618 24.30903957711462 -137.0727954222885 -1 -1 elec satellite_3014819585
180 1 100000018 400 60 24.340352624908522 -137.08796317538807 24.340891611613518 -137.09190697138888 -1 -1 elec satellite_3083531202
181 1 100000018 400 60 24.345518238367735 -137.0910086535674 24.34605722507273 -137.09495261043418 -1 -1 elec satellite_3014819585
182 1 100000018 400 60 24.313676649864426 -137.0842823214395 24.314215636569422 -137.08822528742414 -1 -1 elec satellite_3014819585
182 1 100000018 400 60 24.31444070725364 -137.07861898687705 24.314979693958637 -137.0825619766184 -1 -1 elec satellite_3083531202
183 1 100000018 400 60 24.34812128485299 -137.11243687266227 24.348660271557986 -137.11638091060945 -1 -1 elec satellite_3014819585
184 1 100000018 400 60 24.335326938448514 -137.08726189570137 24.33586592515351 -137.09120553523718 -1 -1 elec satellite_3014819585
184 1 100000018 400 60 24.349913056707564 -137.05485858651406 24.35045204341256 -137.0588026802785 -1 -1 elec satellite_3083531202
185 1 100000018 400 60 24.34236632120157 -137.0982672571273 24.342905307906566 -137.10221111583266 -1 -1 elec satellite_3014819585
186 1 100000018 400 60 24.319318496764673 -137.05925155204145 24.31985748346967 -137.0631946934703 -1 -1 elec satellite_3014819585
186 1 100000018 400 60 24.338280934604665 -137.05212004377773 24.33881992130966 -137.0560637752753 -1 -1 elec satellite_3083531202
187 1 100000018 400 60 24.33847856931738 -137.09186013468465 24.339017556022377 -137.09580387233538 -1 -1 elec satellite_3014819585
187 1 100000018 400 60 24.32622475298733 -137.08996252149856 24.326763739692325 -137.09390587776423 -1 -1 elec satellite_3083531202
188 1 100000018 400 60 24.337516304143865 -137.08795866890682 24.33805529084886 -137.09190237659902 -1 -1 elec satellite_3083531202
189 1 100000018 400 60 24.330376938409422 -137.111514461135 24.330915925114418 -137.1154579466039 -1 -1 elec satellite_3083531202
190 1 100000018 400 60 24.32441911007689 -137.09477990749605 24.324958096781884 -137.09872320758478 -1 -1 elec satellite_3014819585
190 1 100000018 400 60 24.339176643136515 -137.05879673627348 24.33971562984151 -137.06274049565855 -1 -1 elec satellite_3083531202
191 1 100000018 400 60 24.308309398108133 -137.07600786860021 24.30884838481313 -137.07995066772966 -1 -1 elec satellite_3014819585
192 1 100000018 400 60 24.356032157928464 -137.068292235745 24.35657114463346 -137.07223652017262 -1 -1 elec satellite_3014819585
192 1 100000018 400 60 24.345585339369315 -137.1108176475756 24.34612432607431 -137.1147616065323 -1 -1 elec satellite_3083531202
193 1 100000018 400 60 24.338498534279477 -137.08295270219523 24.339037520984473 -137.08689644046754 -1 -1 elec satellite_3014819585
193 1 100000018 400 60 24.338304034823828 -137.08584900986853 24.338843021528824 -137.0897927420853 -1 -1 elec satellite_3083531202
194 1 100000018 400 60 24.341413064421577 -137.0828538581616 24.341952051126572 -137.0867976871826 -1 -1 elec satellite_3014819585
194 1 100000018 400 60 24.366262183663448 -137.07365713548808 24.366801170368444 -137.07760173881158 -1 -1 elec satellite_3083531202
195 1 100000018 400 60 24.33636757604687 -137.07768185948225 24.336906562751867 -137.08162553141278 -1 -1 elec satellite_3014819585
195 1 100000018 400 60 24.336864847039116 -137.07409379529904 24.337403833744112 -137.0780374827101 -1 -1 elec satellite_3083531202
196 1 100000018 400 60 24.333663146398944 -137.0782698845759 24.33420213310394 -137.08221347232217 -1 -1 elec satellite_3014819585
196 1 100000018 400 60 24.31720317971905 -137.06208346209823 24.317742166424047 -137.06602653774087 -1 -1 elec satellite_3083531202
197 1 100000018 400 60 24.329850024010685 -137.06481854909046 24.33038901071568 -137.0687620181618 -1 -1 elec satellite_3014819585
197 1 100000018 400 60 24.329251218742844 -137.08542807791676 24.32979020544784 -137.08937152835387 -1 -1 elec satellite_3083531202
198 1 100000018 400 60 24.34868020735034 -137.06962205942213 24.349219194055337 -137.07356611478028 -1 -1 elec satellite_3014819585
199 1 100000018 400 60 24.322058587307403 -137.06359226205203 24.3225975740124 -137.06753548870878 -1 -1 elec satellite_3083531202
200 1 100000018 400 60 24.36817596974412 -137.08018608463848 24.368714956449114 -137.08413074763925 -1 -1 elec satellite_3014819585
200 1 100000018 400 60 24.33560601897504 -137.11169671007664 24.336145005680034 -137.11564035829994 -1 -1 elec satellite_3083531202
