1 1 100000008 190 26 32.16545835091851 -143.05224929626596 32.16569191182401 -143.05426555435272 -1 -1 elec satellite_3076435354
1 1 100000008 190 26 32.14796227956809 -143.03915895030286 32.14819584047359 -143.0411748213537 -1 -1 elec satellite_3083531202
1 1 100000008 190 26 32.14196813750598 -143.0353164966157 32.142201698411476 -143.0373322351457 -1 -1 elec satellite_3021934530
2 1 100000008 190 26 32.17602929621221 -143.0545751977995 32.176262857117706 -143.0565916898925 -1 -1 elec satellite_3076435354
2 1 100000008 190 26 32.15315621925928 -143.06655867453912 32.15338978016478 -143.06857466045156 -1 -1 elec satellite_3083531202
2 1 100000008 190 26 32.157997972726086 -143.04091089618524 32.158231533631586 -143.04292698919753 -1 -1 elec satellite_3021934530
3 1 100000008 190 26 32.15597848798189 -143.046888902509 32.15621204888739 -143.04890495084706 -1 -1 elec satellite_3076435354
3 1 100000008 190 26 32.171867886200864 -143.05742123726293 32.172101447106364 -143.05943763722124 -1 -1 elec satellite_3083531202
3 1 100000008 190 26 32.15002029644779 -143.05300839744422 32.15025385735329 -143.05502431400362 -1 -1 elec satellite_3021934530
4 1 100000008 190 26 32.1555401717511 -143.04529859300888 32.1557737326566 -143.04731463165126 -1 -1 elec satellite_3076435354
4 1 100000008 190 26 32.16186937310293 -143.05277275530798 32.16210293400843 -143.05478893397444 -1 -1 elec satellite_3083531202
4 1 100000008 190 26 32.17092825661768 -143.02897283331853 32.17116181752318 -143.03098921247582 -1 -1 elec satellite_3021934530
5 1 100000008 190 26 32.16881582718291 -143.05166409941356 32.16904938808841 -143.05368043181056 -1 -1 elec satellite_3076435354
5 1 100000008 190 26 32.14025800975378 -143.022302001942 32.14049157065928 -143.02431770267106 -1 -1 elec satellite_3083531202
6 1 100000008 190 26 32.13440862013247 -143.04830026634718 32.13464218103797 -143.0503158378047 -1 -1 elec satellite_3083531202
6 1 100000008 190 26 32.138639375043645 -143.04881010822527 32.138872935949145 -143.05082577317873 -1 -1 elec satellite_3021934530
7 1 100000008 190 26 32.16249345831851 -143.05293157303345 32.16272701922401 -143.0549477655092 -1 -1 elec satellite_3076435354
7 1 100000008 190 26 32.15485427253397 -143.0380351779212 32.15508783343947 -143.04005120139172 -1 -1 elec satellite_3083531202
7 1 100000008 190 26 32.180057884310415 -143.05547919650735 32.180291445215914 -143.05749577781253 -1 -1 elec satellite_3021934530
8 1 100000008 190 26 32.16917503663846 -143.04412162341944 32.169408597543956 -143.04613796376748 -1 -1 elec satellite_3083531202
8 1 100000008 190 26 32.12604537533975 -143.05182180891896 32.12627893624525 -143.053837195614 -1 -1 elec satellite_3021934530
9 1 100000008 190 26 32.14794461315316 -143.01645674233544 32.14817817405866 -143.01847261299565 -1 -1 elec satellite_3076435354
9 1 100000008 190 26 32.146158426955395 -143.04493298475577 32.146391987860895 -143.04694881592218 -1 -1 elec satellite_3083531202
9 1 100000008 190 26 32.146693796302074 -143.0407710229578 32.14692735720757 -143.04278686596123 -1 -1 elec satellite_3021934530
10 1 100000008 190 26 32.177128885597675 -143.03974350650765 32.177362446503174 -143.04176002294903 -1 -1 elec satellite_3076435354
10 1 100000008 190 26 32.14979819126241 -143.05243787064245 32.15003175216791 -143.05445378229024 -1 -1 elec satellite_3083531202
10 1 100000008 190 26 32.15041392445481 -143.0150849678931 32.15064748536031 -143.01710089315725 -1 -1 elec satellite_3021934530
11 1 100000008 190 26 32.15110645712186 -143.02201375804296 32.15134001802736 -143.02402969862231 -1 -1 elec satellite_3083531202
12 1 100000008 190 26 32.15543969814403 -143.0419274304569 32.15567325904953 -143.0439434668768 -1 -1 elec satellite_3076435354
12 1 100000008 190 26 32.13104736757038 -143.03900685680034 32.13128092847588 -143.04102235399117 -1 -1 elec satellite_3021934530
13 1 100000008 190 26 32.152771304884 -143.05347465909372 32.1530048657895 -143.05549063649295 -1 -1 elec satellite_3076435354
13 1 100000008 190 26 32.150350671992086 -143.01635108673122 32.150584232897586 -143.0183670105966 -1 -1 elec satellite_3083531202
13 1 100000008 190 26 32.17693393922767 -143.02817637418113 32.17716750013317 -143.0301928863057 -1 -1 elec satellite_3021934530
14 1 100000008 190 26 32.147248492113356 -143.07795473770733 32.147482053018855 -143.0799705929754 -1 -1 elec satellite_3076435354
14 1 100000008 190 26 32.156567839884836 -143.05391140214343 32.156801400790336 -143.05592746351843 -1 -1 elec satellite_3021934530
15 1 100000008 190 26 32.15799975155349 -143.0478098702191 32.15823331245899 -143.04982596327076 -1 -1 elec satellite_3076435354
15 1 100000008 190 26 32.18522424030278 -143.05012373105538 32.18545780120828 -143.0521404267945 -1 -1 elec satellite_3083531202
15 1 100000008 190 26 32.17038198080868 -143.02946257493812 32.17061554171418 -143.0314789420027 -1 -1 elec satellite_3021934530
16 1 100000008 190 26 32.123668555584274 -143.03946978575354 32.123902116489774 -143.04148511995342 -1 -1 elec satellite_3083531202
16 1 100000008 190 26 32.131219748635054 -143.0399021603545 32.131453309540554 -143.04191766135378 -1 -1 elec satellite_3021934530
17 1 100000008 190 26 32.149510489152945 -143.05495473930625 32.149744050058445 -143.05697064459193 -1 -1 elec satellite_3076435354
17 1 100000008 190 26 32.131698392059526 -143.04433431569205 32.131931952965026 -143.04634982726625 -1 -1 elec satellite_3083531202
18 1 100000008 190 26 32.15524311731408 -143.04806539190915 32.15547667821958 -143.05008142398074 -1 -1 elec satellite_3076435354
18 1 100000008 190 26 32.15816405171663 -143.0454599638452 32.15839761262213 -143.04747606053164 -1 -1 elec satellite_3083531202
19 1 100000008 190 26 32.13969816964566 -143.05752399778027 32.13993173055116 -143.05953968613522 -1 -1 elec satellite_3076435354
19 1 100000008 190 26 32.170937648491524 -143.04908179244504 32.17117120939702 -143.05109817181022 -1 -1 elec satellite_3083531202
19 1 100000008 190 26 32.146216483004615 -143.07322236669123 32.146450043910114 -143.07523819914124 -1 -1 elec satellite_3021934530
20 1 100000008 190 26 32.15804208127171 -143.05212159680457 32.15827564217721 -143.05413769079266 -1 -1 elec satellite_3076435354
20 1 100000008 190 26 32.14562527395973 -143.07905408880214 32.14585883486523 -143.08106990818087 -1 -1 elec satellite_3083531202
20 1 100000008 190 26 32.17373931407774 -143.0168203340587 32.17397287498324 -143.01883677544856 -1 -1 elec satellite_3021934530
22 1 100000008 190 26 32.13035796719791 -143.06439537949097 32.13059152810341 -143.06641086145106 -1 -1 elec satellite_3076435354
22 1 100000008 190 26 32.15588956033931 -143.03837445057752 32.15612312124481 -143.04039049694845 -1 -1 elec satellite_3083531202
22 1 100000008 190 26 32.19317711797237 -143.0531824846458 32.19341067887787 -143.05519935659723 -1 -1 elec satellite_3021934530
23 1 100000008 190 26 32.15916790911819 -143.08323940619152 32.15940147002369 -143.08525552508675 -1 -1 elec satellite_3076435354
23 1 100000008 190 26 32.14325246874573 -143.02589854721188 32.14348602965123 -143.02791431413306 -1 -1 elec satellite_3083531202
23 1 100000008 190 26 32.19020110005698 -143.05233256033625 32.19043466096248 -143.05434936633975 -1 -1 elec satellite_3021934530
24 1 100000008 190 26 32.13400814359713 -143.0440366616655 32.13424170450263 -143.04605222427386 -1 -1 elec satellite_3083531202
24 1 100000008 190 26 32.158259583316074 -143.0473525406244 32.15849314422157 -143.04936863942427 -1 -1 elec satellite_3021934530
25 1 100000008 190 26 32.15229881081598 -143.06704933282953 32.15253237172148 -143.0690652997787 -1 -1 elec satellite_3076435354
26 1 100000008 190 26 32.1810904979191 -143.0685225533226 32.1813240588246 -143.07053915749765 -1 -1 elec satellite_3076435354
26 1 100000008 190 26 32.15911522337516 -143.06340208275725 32.15934878428066 -143.06541820048685 -1 -1 elec satellite_3083531202
26 1 100000008 190 26 32.16122036922363 -143.05175892412518 32.16145393012913 -143.05377508843137 -1 -1 elec satellite_3021934530
27 1 100000008 190 26 32.17871423792178 -143.07699397255345 32.17894779882728 -143.0790105241019 -1 -1 elec satellite_3083531202
28 1 100000008 190 26 32.1441910331275 -143.07948230755022 32.144424594033 -143.08149809522027 -1 -1 elec satellite_3076435354
28 1 100000008 190 26 32.1778261723513 -143.06166820257332 32.1780597332568 -143.06368473445553 -1 -1 elec satellite_3021934530
29 1 100000008 190 26 32.17208547067897 -143.05937794461207 32.17231903158447 -143.06139434938726 -1 -1 elec satellite_3076435354
29 1 100000008 190 26 32.17467682187606 -143.06807781609402 32.17491038278156 -143.07009427824082 -1 -1 elec satellite_3021934530
30 1 100000008 190 26 32.12817301628919 -143.05811229261778 32.12840657719469 -143.06012772630982 -1 -1 elec satellite_3076435354
30 1 100000008 190 26 32.15597854783352 -143.05740103419737 32.15621210873902 -143.05941708253675 -1 -1 elec satellite_3083531202
30 1 100000008 190 26 32.18641944511331 -143.0415003562686 32.18665300601881 -143.04351707848548 -1 -1 elec satellite_3021934530
31 1 100000008 190 26 32.149053201710274 -143.02903301217515 32.14928676261577 -143.03104890734878 -1 -1 elec satellite_3076435354
31 1 100000008 190 26 32.15170636171324 -143.07053152189144 32.15193992261874 -143.07254747573796 -1 -1 elec satellite_3083531202
32 1 100000008 190 26 32.18870383076546 -143.05624209005578 32.18893739167096 -143.05825886288378 -1 -1 elec satellite_3076435354
32 1 100000008 190 26 32.15200415576758 -143.06177896252427 32.15223771667308 -143.0637949229568 -1 -1 elec satellite_3083531202
32 1 100000008 190 26 32.15755246910827 -143.04892634254534 32.15778603001377 -143.050942425702 -1 -1 elec satellite_3021934530
33 1 100000008 190 26 32.180686341713866 -143.05295274580965 32.180919902619365 -143.05496934103348 -1 -1 elec satellite_3076435354
33 1 100000008 190 26 32.16885006687788 -143.07949030488916 32.16908362778338 -143.08150663804406 -1 -1 elec satellite_3083531202
33 1 100000008 190 26 32.1579959765313 -143.04719932313725 32.1582295374368 -143.0492154161054 -1 -1 elec satellite_3021934530
34 1 100000008 190 26 32.183866197909204 -143.02287650837752 32.1840997588147 -143.02489317403337 -1 -1 elec satellite_3083531202
34 1 100000008 190 26 32.14669058417473 -143.0473021301817 32.14692414508023 -143.04931797311409 -1 -1 elec satellite_3021934530
35 1 100000008 190 26 32.180169964654645 -143.06847696741772 32.180403525560145 -143.07049355120515 -1 -1 elec satellite_3076435354
35 1 100000008 190 26 32.15811821702942 -143.04741592343754 32.15835177793492 -143.04943201911 -1 -1 elec satellite_3083531202
35 1 100000008 190 26 32.1612517192825 -143.0484758682438 32.161485280187996 -143.05049203324364 -1 -1 elec satellite_3021934530
36 1 100000008 190 26 32.18022948143325 -143.07221437084235 32.18046304233875 -143.0742309559479 -1 -1 elec satellite_3076435354
36 1 100000008 190 26 32.15376544762856 -143.02426417778287 32.15399900853406 -143.02628017717007 -1 -1 elec satellite_3083531202
36 1 100000008 190 26 32.155133044275864 -143.01833162281716 32.155366605181364 -143.02034765245395 -1 -1 elec satellite_3021934530
37 1 100000008 190 26 32.15247056325608 -143.0440284871144 32.15270412416158 -143.04604445786217 -1 -1 elec satellite_3076435354
37 1 100000008 190 26 32.13429171283291 -143.068247321045 32.13452527373841 -143.07026288991923 -1 -1 elec satellite_3083531202
37 1 100000008 190 26 32.16217320956863 -143.05776600220574 32.16240677047413 -143.0597821875952 -1 -1 elec satellite_3021934530
38 1 100000008 190 26 32.18329650393281 -143.05658286246222 32.18353006483831 -143.05859951549886 -1 -1 elec satellite_3076435354
38 1 100000008 190 26 32.164604665462555 -143.04737470822275 32.164838226368055 -143.04939094741707 -1 -1 elec satellite_3083531202
38 1 100000008 190 26 32.15804453786662 -143.05246715029395 32.15827809877212 -143.0544832443364 -1 -1 elec satellite_3021934530
39 1 100000008 190 26 32.14707922544542 -143.06305532508213 32.147312786350916 -143.0650711766076 -1 -1 elec satellite_3076435354
39 1 100000008 190 26 32.157693190013966 -143.04805508656892 32.157926750919465 -143.05007117283864 -1 -1 elec satellite_3083531202
39 1 100000008 190 26 32.1567693846971 -143.04602133192495 32.1570029456026 -143.04803739775838 -1 -1 elec satellite_3021934530
40 1 100000008 190 26 32.1617716577412 -143.07064066581492 32.1620052186467 -143.07265684231922 -1 -1 elec satellite_3076435354
40 1 100000008 190 26 32.13000221159165 -143.05926534813943 32.13023577249715 -143.06128082224012 -1 -1 elec satellite_3083531202
40 1 100000008 190 26 32.18305674244539 -143.06476875503614 32.18329030335089 -143.06678540276195 -1 -1 elec satellite_3021934530
41 1 100000008 190 26 32.15244516661851 -143.07330309681416 32.15267872752401 -143.07531906700024 -1 -1 elec satellite_3076435354
41 1 100000008 190 26 32.15546573717909 -143.01380862957413 32.15569929808459 -143.01582466657 -1 -1 elec satellite_3083531202
41 1 100000008 190 26 32.14244236352403 -143.05943492513578 32.14267592442953 -143.06145067414872 -1 -1 elec satellite_3021934530
42 1 100000008 190 26 32.17582301920603 -143.05299186681341 32.17605658011153 -143.05500835433895 -1 -1 elec satellite_3076435354
42 1 100000008 190 26 32.15768895470375 -143.08005040594256 32.15792251560925 -143.0820664921186 -1 -1 elec satellite_3083531202
42 1 100000008 190 26 32.15782102416116 -143.04886551959203 32.15805458506666 -143.05088160868976 -1 -1 elec satellite_3021934530
43 1 100000008 190 26 32.14043656190922 -143.0531321675373 32.14067012281472 -143.05514787221298 -1 -1 elec satellite_3076435354
43 1 100000008 190 26 32.156216641187925 -143.04011751764088 32.156450202093424 -143.04213357124704 -1 -1 elec satellite_3083531202
44 1 100000008 190 26 32.15706036939477 -143.0566960068692 32.15729393030027 -143.05871207913964 -1 -1 elec satellite_3076435354
44 1 100000008 190 26 32.14352328613323 -143.02741343901042 32.14375684703873 -143.02942921191845 -1 -1 elec satellite_3083531202
45 1 100000008 190 26 32.161225869801044 -143.04894817947536 32.16145943070654 -143.05096434390325 -1 -1 elec satellite_3076435354
45 1 100000008 190 26 32.16187846749363 -143.05756912974798 32.16211202839913 -143.05958530861565 -1 -1 elec satellite_3083531202
45 1 100000008 190 26 32.16105171875795 -143.01296728106584 32.16128527966345 -143.01498344164042 -1 -1 elec satellite_3021934530
46 1 100000008 190 26 32.16341776210894 -143.05035701881516 32.16365132301444 -143.0523732317441 -1 -1 elec satellite_3076435354
46 1 100000008 190 26 32.17081916448534 -143.05174860513628 32.17105272539084 -143.0537649818786 -1 -1 elec satellite_3083531202
46 1 100000008 190 26 32.14767111457676 -143.02681985662883 32.14790467548226 -143.0288357212416 -1 -1 elec satellite_3021934530
47 1 100000008 190 26 32.161147086805244 -143.06535607460847 32.16138064771074 -143.0673722372932 -1 -1 elec satellite_3076435354
47 1 100000008 190 26 32.18709938466482 -143.026949127775 32.18733294557032 -143.0289658650555 -1 -1 elec satellite_3083531202
47 1 100000008 190 26 32.13951256368927 -143.03992511678976 32.13974612459477 -143.0419408010424 -1 -1 elec satellite_3021934530
48 1 100000008 190 26 32.167475637479335 -143.0473254722762 32.167709198384834 -143.04934177500962 -1 -1 elec satellite_3076435354
48 1 100000008 190 26 32.140261599719075 -143.04222172813422 32.140495160624575 -143.04423742894264 -1 -1 elec satellite_3083531202
48 1 100000008 190 26 32.15799273237209 -143.04755254795887 32.158226293277586 -143.04956864085526 -1 -1 elec satellite_3021934530
49 1 100000008 190 26 32.157560173088115 -143.04722815769486 32.157793733993614 -143.04924424102194 -1 -1 elec satellite_3076435354
49 1 100000008 190 26 32.15749506509509 -143.05069253526528 32.15772862600059 -143.05270861715204 -1 -1 elec satellite_3083531202
49 1 100000008 190 26 32.168374366856675 -143.03064323795942 32.168607927762174 -143.032659560585 -1 -1 elec satellite_3021934530
50 1 100000008 190 26 32.1636082742992 -143.06708954058635 32.1638418352047 -143.06910575773108 -1 -1 elec satellite_3076435354
51 1 100000008 190 26 32.170700513570345 -143.03668015160196 32.170934074475845 -143.03869652571774 -1 -1 elec satellite_3076435354
51 1 100000008 190 26 32.165098201069 -143.0142254443255 32.1653317619745 -143.01624169444187 -1 -1 elec satellite_3021934530
52 1 100000008 190 26 32.16054048830153 -143.04790874913104 32.16077404920703 -143.04992489839424 -1 -1 elec satellite_3076435354
52 1 100000008 190 26 32.1275095717508 -143.03140883774762 32.1277431326563 -143.03342425678443 -1 -1 elec satellite_3083531202
53 1 100000008 190 26 32.15217883499792 -143.02487874966295 32.15241239590342 -143.0268947139587 -1 -1 elec satellite_3083531202
53 1 100000008 190 26 32.16185705353751 -143.04660954154787 32.16209061444301 -143.04862571994173 -1 -1 elec satellite_3021934530
54 1 100000008 190 26 32.167873732042054 -143.0590701552574 32.16810729294755 -143.06108646680198 -1 -1 elec satellite_3076435354
54 1 100000008 190 26 32.16680711288183 -143.05825517404242 32.16704067378733 -143.0602714619795 -1 -1 elec satellite_3083531202
54 1 100000008 190 26 32.133833692773116 -143.0214329413005 32.134067253678616 -143.02344850005414 -1 -1 elec satellite_3021934530
55 1 100000008 190 26 32.14943687648722 -143.04734989966312 32.14967043739272 -143.049365803321 -1 -1 elec satellite_3076435354
55 1 100000008 190 26 32.146631312661064 -143.0431710757867 32.146864873566564 -143.04518691740859 -1 -1 elec satellite_3083531202
55 1 100000008 190 26 32.147909821122184 -143.0344440187328 32.14814338202768 -143.0364598886237 -1 -1 elec satellite_3021934530
56 1 100000008 190 26 32.16230867548581 -143.03836936346272 32.16254223639131 -143.0403855518497 -1 -1 elec satellite_3076435354
56 1 100000008 190 26 32.155506766312556 -143.0484731361491 32.155740327218055 -143.05048917405256 -1 -1 elec satellite_3083531202
57 1 100000008 190 26 32.188821660562716 -143.0589542124587 32.189055221468216 -143.0609709878974 -1 -1 elec satellite_3076435354
57 1 100000008 190 26 32.13814955290483 -143.07517786032705 32.13838311381033 -143.07719351445488 -1 -1 elec satellite_3083531202
57 1 100000008 190 26 32.15915772836118 -143.05142511491255 32.15939128926668 -143.05344123358253 -1 -1 elec satellite_3021934530
58 1 100000008 190 26 32.14099059154376 -143.05626513808315 32.14122415244926 -143.05828085500494 -1 -1 elec satellite_3076435354
58 1 100000008 190 26 32.146774250641705 -143.04555902660934 32.147007811547205 -143.04757487139165 -1 -1 elec satellite_3021934530
59 1 100000008 190 26 32.15110609651219 -143.04794586767895 32.15133965741769 -143.04996180825032 -1 -1 elec satellite_3076435354
59 1 100000008 190 26 32.15515113970246 -143.06125033440543 32.15538470060796 -143.06326636444248 -1 -1 elec satellite_3083531202
59 1 100000008 190 26 32.187878093060476 -143.03845753619967 32.188111653965976 -143.0404742907326 -1 -1 elec satellite_3021934530
60 1 100000008 190 26 32.16100119208553 -143.04896767261056 32.16123475299103 -143.0509838320672 -1 -1 elec satellite_3076435354
60 1 100000008 190 26 32.158402135899046 -143.0834776496483 32.158635696804545 -143.0854937516019 -1 -1 elec satellite_3083531202
60 1 100000008 190 26 32.16428829106721 -143.07855204130817 32.16452185197271 -143.08056827350117 -1 -1 elec satellite_3021934530
61 1 100000008 190 26 32.146326413464365 -143.04085848267553 32.146559974369865 -143.04287431755608 -1 -1 elec satellite_3083531202
61 1 100000008 190 26 32.14173191590294 -143.04605342543263 32.14196547680844 -143.04806915874096 -1 -1 elec satellite_3021934530
62 1 100000008 190 26 32.129891985256336 -143.03408841316667 32.130125546161835 -143.03610388483224 -1 -1 elec satellite_3076435354
62 1 100000008 190 26 32.16881440333273 -143.0318119933128 32.16904796423823 -143.0338283256783 -1 -1 elec satellite_3083531202
62 1 100000008 190 26 32.17775117388629 -143.02646145643504 32.17798473479179 -143.02847798665647 -1 -1 elec satellite_3021934530
63 1 100000008 190 26 32.16187425247311 -143.0791801757354 32.16210781337861 -143.08119635450979 -1 -1 elec satellite_3076435354
64 1 100000008 190 26 32.138508312113466 -143.0378152590914 32.138741873018965 -143.0398309211482 -1 -1 elec satellite_3076435354
64 1 100000008 190 26 32.17238894113246 -143.02008749823977 32.17262250203796 -143.02210390973332 -1 -1 elec satellite_3083531202
65 1 100000008 190 26 32.187011020168924 -143.03303497331942 32.187244581074424 -143.03505170864224 -1 -1 elec satellite_3083531202
66 1 100000008 190 26 32.16828996986141 -143.02272829156632 32.16852353076691 -143.02474461232384 -1 -1 elec satellite_3076435354
66 1 100000008 190 26 32.17188871372388 -143.0760209700433 32.17212227462938 -143.07803737046265 -1 -1 elec satellite_3083531202
67 1 100000008 190 26 32.15655037696681 -143.06040311111389 32.15678393787231 -143.06241917210258 -1 -1 elec satellite_3076435354
67 1 100000008 190 26 32.16436106461901 -143.04885639988672 32.16459462552451 -143.05087263369018 -1 -1 elec satellite_3021934530
68 1 100000008 190 26 32.17180223467233 -143.0297191553358 32.17203579557783 -143.03173555384072 -1 -1 elec satellite_3076435354
68 1 100000008 190 26 32.16425056405388 -143.07640031300676 32.16448412495938 -143.07841654436487 -1 -1 elec satellite_3083531202
69 1 100000008 190 26 32.16097580046779 -143.04318858802307 32.16120936137329 -143.0452047469179 -1 -1 elec satellite_3076435354
69 1 100000008 190 26 32.15504490881675 -143.0469087026072 32.15527846972225 -143.0489247302945 -1 -1 elec satellite_3021934530
70 1 100000008 190 26 32.153628003945585 -143.07626442634302 32.153861564851084 -143.07828042269023 -1 -1 elec satellite_3076435354
70 1 100000008 190 26 32.16256201992956 -143.04793180482315 32.16279558083506 -143.04994799881604 -1 -1 elec satellite_3021934530
71 1 100000008 190 26 32.147356499314256 -143.02129931694793 32.147590060219756 -143.02331517460416 -1 -1 elec satellite_3076435354
71 1 100000008 190 26 32.161826966417166 -143.02358254292017 32.162060527322666 -143.02559872064828 -1 -1 elec satellite_3083531202
71 1 100000008 190 26 32.168587505447704 -143.02207802922715 32.1688210663532 -143.02409435657037 -1 -1 elec satellite_3021934530
72 1 100000008 190 26 32.1632024028284 -143.05617993608632 32.163435963733896 -143.05819614424965 -1 -1 elec satellite_3076435354
72 1 100000008 190 26 32.14521766930366 -143.04084424246074 32.14545123020916 -143.04286005282776 -1 -1 elec satellite_3083531202
72 1 100000008 190 26 32.1561928479075 -143.03172384629238 32.156426408813 -143.0337398993722 -1 -1 elec satellite_3021934530
73 1 100000008 190 26 32.16063629845917 -143.04772618244462 32.16086985936467 -143.04974233382768 -1 -1 elec satellite_3076435354
73 1 100000008 190 26 32.15853866214807 -143.07607779517846 32.15877222305357 -143.07809390015245 -1 -1 elec satellite_3083531202
73 1 100000008 190 26 32.15738673020776 -143.0386584023667 32.15762029111326 -143.04067448185685 -1 -1 elec satellite_3021934530
74 1 100000008 190 26 32.18373879543064 -143.0487809748143 32.18397235633614 -143.05079763764803 -1 -1 elec satellite_3076435354
74 1 100000008 190 26 32.1764148477566 -143.0606462276914 32.176648408662096 -143.06266272832158 -1 -1 elec satellite_3083531202
74 1 100000008 190 26 32.178162166323496 -143.02411477630878 32.178395727228995 -143.0261313156315 -1 -1 elec satellite_3021934530
75 1 100000008 190 26 32.1499408042513 -143.05787466259744 32.1501743651568 -143.05989057739896 -1 -1 elec satellite_3076435354
75 1 100000008 190 26 32.160891109780685 -143.0639364489389 32.161124670686185 -143.06595260595986 -1 -1 elec satellite_3083531202
76 1 100000008 190 26 32.13606169144378 -143.03269280697126 32.13629525234928 -143.03470841495786 -1 -1 elec satellite_3076435354
76 1 100000008 190 26 32.15102984942146 -143.059077034327 32.15126341032696 -143.06109297321217 -1 -1 elec satellite_3083531202
76 1 100000008 190 26 32.16099362020929 -143.01431704987058 32.16122718111479 -143.01633320915968 -1 -1 elec satellite_3021934530
77 1 100000008 190 26 32.13159448101326 -143.06385213783147 32.13182804191876 -143.0658676471099 -1 -1 elec satellite_3076435354
77 1 100000008 190 26 32.12606870149471 -143.06248202503716 32.12630226240021 -143.06449741224742 -1 -1 elec satellite_3083531202
77 1 100000008 190 26 32.16395929896556 -143.01250738944742 32.16419285987106 -143.01452361436 -1 -1 elec satellite_3021934530
78 1 100000008 190 26 32.190349639509755 -143.04279381148442 32.190583200415254 -143.0448106207793 -1 -1 elec satellite_3076435354
78 1 100000008 190 26 32.16462358771381 -143.02427380752405 32.16485714861931 -143.0262900471371 -1 -1 elec satellite_3021934530
79 1 100000008 190 26 32.135556356827834 -143.049917480944 32.135789917733334 -143.05193307776355 -1 -1 elec satellite_3076435354
80 1 100000008 190 26 32.157603864150126 -143.04993653186582 32.157837425055625 -143.05195261615947 -1 -1 elec satellite_3076435354
80 1 100000008 190 26 32.1286702030795 -143.054617080927 32.128903763985 -143.05663252560197 -1 -1 elec satellite_3083531202
81 1 100000008 190 26 32.157775629833125 -143.047989738109 32.158009190738625 -143.0500058262025 -1 -1 elec satellite_3076435354
81 1 100000008 190 26 32.17678307589545 -143.06902821578083 32.17701663680095 -143.07104472456476 -1 -1 elec satellite_3083531202
81 1 100000008 190 26 32.14993257808733 -143.0516729729157 32.15016613899283 -143.0536888875353 -1 -1 elec satellite_3021934530
82 1 100000008 190 26 32.15639625216349 -143.04721623003257 32.15662981306899 -143.04923228761186 -1 -1 elec satellite_3076435354
82 1 100000008 190 26 32.155577502253145 -143.045729764618 32.155811063158644 -143.04774580408613 -1 -1 elec satellite_3083531202
83 1 100000008 190 26 32.16190242217496 -143.08231151985285 32.16213598308046 -143.08432769925057 -1 -1 elec satellite_3076435354
83 1 100000008 190 26 32.14342611854143 -143.06813415981946 32.14365967944693 -143.07014993057945 -1 -1 elec satellite_3083531202
83 1 100000008 190 26 32.12689119637121 -143.0379579927653 32.12712475727671 -143.0399733981429 -1 -1 elec satellite_3021934530
84 1 100000008 190 26 32.157652523774715 -143.04756752860914 32.157886084680214 -143.04958361397922 -1 -1 elec satellite_3076435354
84 1 100000008 190 26 32.150442306069934 -143.0538840120069 32.15067586697543 -143.0558999378987 -1 -1 elec satellite_3083531202
85 1 100000008 190 26 32.169595860544426 -143.05816936233785 32.169829421449926 -143.06018571200093 -1 -1 elec satellite_3076435354
85 1 100000008 190 26 32.14878006827233 -143.02684964888698 32.14901362917783 -143.02886553802088 -1 -1 elec satellite_3083531202
85 1 100000008 190 26 32.143211167746195 -143.04787717649086 32.143444728651694 -143.049892942499 -1 -1 elec satellite_3021934530
86 1 100000008 190 26 32.15453086586995 -143.06212319927187 32.15476442677545 -143.06413921558894 -1 -1 elec satellite_3076435354
86 1 100000008 190 26 32.14993787954373 -143.07115083331163 32.15017144044923 -143.07316674804846 -1 -1 elec satellite_3083531202
86 1 100000008 190 26 32.15633935442065 -143.04963798880473 32.15657291532615 -143.0516540451254 -1 -1 elec satellite_3021934530
87 1 100000008 190 26 32.13147149169724 -143.06670719126708 32.13170505260274 -143.06872269782824 -1 -1 elec satellite_3083531202
87 1 100000008 190 26 32.17819508067994 -143.0454800801894 32.17842864158544 -143.04749662024102 -1 -1 elec satellite_3021934530
88 1 100000008 190 26 32.151771608312536 -143.07670892177623 32.152005169218036 -143.07872487706572 -1 -1 elec satellite_3076435354
88 1 100000008 190 26 32.146581869283445 -143.05960392262398 32.146815430188944 -143.06161976315266 -1 -1 elec satellite_3083531202
88 1 100000008 190 26 32.14882259232356 -143.0585234389499 32.14905615322906 -143.06053932902412 -1 -1 elec satellite_3021934530
89 1 100000008 190 26 32.13178223741021 -143.06439994928104 32.132015798315706 -143.0664154627077 -1 -1 elec satellite_3076435354
89 1 100000008 190 26 32.14856192802963 -143.0618021296072 32.14879548893513 -143.06381801391748 -1 -1 elec satellite_3021934530
90 1 100000008 190 26 32.16299284166349 -143.0418289265682 32.16322640256899 -143.0438451300943 -1 -1 elec satellite_3076435354
90 1 100000008 190 26 32.15998079135576 -143.04664961958355 32.16021435226126 -143.04866575646335 -1 -1 elec satellite_3083531202
91 1 100000008 190 26 32.14862828740846 -143.0495845210905 32.148861848313956 -143.05160040686815 -1 -1 elec satellite_3083531202
92 1 100000008 190 26 32.15918324679222 -143.0517262064844 32.15941680769772 -143.05374232571896 -1 -1 elec satellite_3076435354
92 1 100000008 190 26 32.18492686622391 -143.05568345801922 32.18516042712941 -143.05770014717075 -1 -1 elec satellite_3083531202
92 1 100000008 190 26 32.15618571000425 -143.04739953530878 32.15641927090975 -143.04941558823072 -1 -1 elec satellite_3021934530
93 1 100000008 190 26 32.16436362748517 -143.06987063979463 32.16459718839067 -143.0718868736548 -1 -1 elec satellite_3076435354
93 1 100000008 190 26 32.158213824068675 -143.0444144579196 32.158447384974174 -143.04643055570713 -1 -1 elec satellite_3083531202
93 1 100000008 190 26 32.13687571039644 -143.03259676359076 32.13710927130194 -143.0346123895664 -1 -1 elec satellite_3021934530
94 1 100000008 190 26 32.167514562941115 -143.05981032665883 32.167748123846614 -143.0618266302538 -1 -1 elec satellite_3076435354
94 1 100000008 190 26 32.176252192005215 -143.05144131832904 32.176485752910715 -143.05345781535758 -1 -1 elec satellite_3083531202
94 1 100000008 190 26 32.15966968514406 -143.05171085367257 32.15990324604956 -143.05372698366924 -1 -1 elec satellite_3021934530
95 1 100000008 190 26 32.159794700680905 -143.04942444181387 32.160028261586405 -143.05144057457645 -1 -1 elec satellite_3076435354
95 1 100000008 190 26 32.15016817691815 -143.02065982280152 32.15040173782365 -143.02267574263115 -1 -1 elec satellite_3083531202
95 1 100000008 190 26 32.15740486383267 -143.04067037807704 32.15763842473817 -143.04268645796836 -1 -1 elec satellite_3021934530
96 1 100000008 190 26 32.173115846259165 -143.04288579227315 32.173349407164665 -143.0449022198596 -1 -1 elec satellite_3076435354
96 1 100000008 190 26 32.1748182195689 -143.0530817891056 32.1750517804744 -143.05509825438307 -1 -1 elec satellite_3083531202
96 1 100000008 190 26 32.13224882103727 -143.02536562406826 32.13248238194277 -143.0273811478037 -1 -1 elec satellite_3021934530
97 1 100000008 190 26 32.13377785197214 -143.04050513037512 32.13401141287764 -143.04252068789492 -1 -1 elec satellite_3083531202
97 1 100000008 190 26 32.168984241948074 -143.0421163728818 32.169217802853574 -143.04413270900662 -1 -1 elec satellite_3021934530
98 1 100000008 190 26 32.160467420521464 -143.04191224659775 32.16070098142696 -143.0439283942443 -1 -1 elec satellite_3076435354
98 1 100000008 190 26 32.15866671129928 -143.04529509541845 32.15890027220478 -143.04731120322532 -1 -1 elec satellite_3083531202
98 1 100000008 190 26 32.13662318245011 -143.05871469958458 32.13685674335561 -143.0607303199795 -1 -1 elec satellite_3021934530
99 1 100000008 190 26 32.14075388753412 -143.05258142539455 32.14098744843962 -143.05459713708424 -1 -1 elec satellite_3076435354
99 1 100000008 190 26 32.177859082840065 -143.06071028843604 32.178092643745565 -143.06272682104705 -1 -1 elec satellite_3083531202
99 1 100000008 190 26 32.145553124944634 -143.02983944586506 32.14578668585013 -143.03185526364862 -1 -1 elec satellite_3021934530
100 1 100000008 190 26 32.14546471145908 -143.0258989540624 32.14569827236458 -143.02791476989123 -1 -1 elec satellite_3076435354
100 1 100000008 190 26 32.153949648284616 -143.05422050864834 32.154183209190116 -143.0562365121097 -1 -1 elec satellite_3083531202
100 1 100000008 190 26 32.13652265482604 -143.03958609916472 32.13675621573154 -143.0416017173381 -1 -1 elec satellite_3021934530
101 1 100000008 190 26 32.17141736145785 -143.07420784175756 32.17165092236335 -143.07622423174226 -1 -1 elec satellite_3076435354
101 1 100000008 190 26 32.173397539119335 -143.0539802766645 32.173631100024835 -143.0559967104875 -1 -1 elec satellite_3083531202
101 1 100000008 190 26 32.15699862124212 -143.04990754769338 32.15723218214762 -143.05192361859787 -1 -1 elec satellite_3021934530
102 1 100000008 190 26 32.1892421898841 -143.0375473819272 32.1894757507896 -143.03956416668353 -1 -1 elec satellite_3083531202
102 1 100000008 190 26 32.14771034122623 -143.06179482552216 32.14794390213173 -143.06381069100226 -1 -1 elec satellite_3021934530
103 1 100000008 190 26 32.159840494074096 -143.04967349321456 32.160074054979596 -143.0516896269903 -1 -1 elec satellite_3076435354
103 1 100000008 190 26 32.150870650434555 -143.04608853035367 32.151104211340055 -143.04810446571815 -1 -1 elec satellite_3083531202
104 1 100000008 190 26 32.155633119216446 -143.0169502963905 32.155866680121946 -143.01896633708887 -1 -1 elec satellite_3076435354
104 1 100000008 190 26 32.14454423407978 -143.0557750062787 32.14477779498528 -143.05779080175722 -1 -1 elec satellite_3083531202
104 1 100000008 190 26 32.16089890976794 -143.06863318002382 32.16113247067344 -143.07064933721736 -1 -1 elec satellite_3021934530
105 1 100000008 190 26 32.16217020042488 -143.0363078625677 32.16240376133038 -143.0383240478906 -1 -1 elec satellite_3076435354
105 1 100000008 190 26 32.155894032107575 -143.0126866440425 32.156127593013075 -143.01470269051234 -1 -1 elec satellite_3083531202
105 1 100000008 190 26 32.160896048438595 -143.03495916368178 32.161129609344094 -143.03697532081202 -1 -1 elec satellite_3021934530
106 1 100000008 190 26 32.191229387187946 -143.05991088738247 32.191462948093445 -143.0619277161715 -1 -1 elec satellite_3076435354
106 1 100000008 190 26 32.15897315431966 -143.0755683961895 32.15920671522516 -143.077584510776 -1 -1 elec satellite_3083531202
106 1 100000008 190 26 32.1533972207562 -143.04596938006895 32.1536307816617 -143.04798537131174 -1 -1 elec satellite_3021934530
107 1 100000008 190 26 32.123752851393064 -143.04593574813725 32.123986412298564 -143.04795108419881 -1 -1 elec satellite_3076435354
107 1 100000008 190 26 32.179281668857406 -143.03355262177018 32.179515229762906 -143.03556918588487 -1 -1 elec satellite_3083531202
107 1 100000008 190 26 32.15911098152977 -143.0585984318312 32.15934454243527 -143.06061454946698 -1 -1 elec satellite_3021934530
108 1 100000008 190 26 32.136644055280755 -143.048625662239 32.136877616186254 -143.05064128309522 -1 -1 elec satellite_3076435354
108 1 100000008 190 26 32.13026846385527 -143.04595150592752 32.13050202476077 -143.04796698591028 -1 -1 elec satellite_3083531202
108 1 100000008 190 26 32.14517308369932 -143.04923901472347 32.14540664460482 -143.05125482410477 -1 -1 elec satellite_3021934530
109 1 100000008 190 26 32.14035109786384 -143.01789055158622 32.14058465876934 -143.01990625437284 -1 -1 elec satellite_3076435354
109 1 100000008 190 26 32.13220973769619 -143.02943660822322 32.13244329860169 -143.03145213109516 -1 -1 elec satellite_3021934530
110 1 100000008 190 26 32.165185419336154 -143.0630320293617 32.165418980241654 -143.06504828140825 -1 -1 elec satellite_3076435354
110 1 100000008 190 26 32.14585403936741 -143.04156807403385 32.14608760027291 -143.0435838984704 -1 -1 elec satellite_3083531202
110 1 100000008 190 26 32.18500148662797 -143.04165960921173 32.18523504753347 -143.04367630001627 -1 -1 elec satellite_3021934530
111 1 100000008 190 26 32.16508496038245 -143.04448707712584 32.16531852128795 -143.0465033269492 -1 -1 elec satellite_3083531202
111 1 100000008 190 26 32.15820783285686 -143.04770961429415 32.15844139376236 -143.04972571194915 -1 -1 elec satellite_3021934530
112 1 100000008 190 26 32.1706515758754 -143.07201138182972 32.170885136780896 -143.0740277548622 -1 -1 elec satellite_3076435354
112 1 100000008 190 26 32.14133270589837 -143.03727482387015 32.14156626680387 -143.0392905483541 -1 -1 elec satellite_3021934530
113 1 100000008 190 26 32.174428135720234 -143.05404758365734 32.17466169662573 -143.05606404029797 -1 -1 elec satellite_3076435354
113 1 100000008 190 26 32.163344743339685 -143.0785576559274 32.163578304245185 -143.08057386724053 -1 -1 elec satellite_3083531202
113 1 100000008 190 26 32.14846074064929 -143.03059137373427 32.14869430155479 -143.03260725580708 -1 -1 elec satellite_3021934530
114 1 100000008 190 26 32.15911850934857 -143.04489140885045 32.15935207025407 -143.04690752665275 -1 -1 elec satellite_3076435354
114 1 100000008 190 26 32.142050489113515 -143.043603472935 32.142284050019015 -143.0456192132854 -1 -1 elec satellite_3083531202
114 1 100000008 190 26 32.16300010200073 -143.03889217937638 32.16323366290623 -143.04090838306314 -1 -1 elec satellite_3021934530
115 1 100000008 190 26 32.14535570222995 -143.07463283555686 32.14558926313545 -143.0766486489756 -1 -1 elec satellite_3076435354
115 1 100000008 190 26 32.18441974260767 -143.04709384491343 32.18465330351317 -143.0491105228311 -1 -1 elec satellite_3083531202
115 1 100000008 190 26 32.16784501087669 -143.06347127102185 32.16807857178219 -143.06548758193074 -1 -1 elec satellite_3021934530
116 1 100000008 190 26 32.17360159127148 -143.0747562906192 32.17383515217698 -143.07677272895987 -1 -1 elec satellite_3076435354
116 1 100000008 190 26 32.18482807314312 -143.04350792069562 32.18506163404862 -143.04552460765865 -1 -1 elec satellite_3021934530
117 1 100000008 190 26 32.18480268211214 -143.0561075524092 32.18503624301764 -143.05812423880977 -1 -1 elec satellite_3076435354
117 1 100000008 190 26 32.1614188555452 -143.0428571016712 32.1616524164507 -143.04487327036915 -1 -1 elec satellite_3083531202
118 1 100000008 190 26 32.18419613128331 -143.04804338358284 32.18442969218881 -143.05006005654715 -1 -1 elec satellite_3076435354
118 1 100000008 190 26 32.163861675869484 -143.05088432843613 32.16409523677498 -143.0529005511884 -1 -1 elec satellite_3083531202
118 1 100000008 190 26 32.176852919432754 -143.04404803586888 32.177086480338254 -143.0460645461994 -1 -1 elec satellite_3021934530
120 1 100000008 190 26 32.15171924437822 -143.05456288232912 32.15195280528372 -143.05657883646055 -1 -1 elec satellite_3076435354
120 1 100000008 190 26 32.16060621544944 -143.0487303441844 32.16083977635494 -143.05074649490186 -1 -1 elec satellite_3083531202
120 1 100000008 190 26 32.13308916695672 -143.05676224061114 32.13332272786222 -143.05877778291392 -1 -1 elec satellite_3021934530
121 1 100000008 190 26 32.17262892530811 -143.07654931641576 32.17286248621361 -143.07856573322223 -1 -1 elec satellite_3076435354
121 1 100000008 190 26 32.174358286395 -143.05290531421147 32.1745918473005 -143.0549217693056 -1 -1 elec satellite_3021934530
122 1 100000008 190 26 32.14299515013524 -143.06643044814408 32.14322871104074 -143.06844620937687 -1 -1 elec satellite_3076435354
122 1 100000008 190 26 32.15604796909434 -143.05431409546608 32.15628152999984 -143.0563301453411 -1 -1 elec satellite_3083531202
122 1 100000008 190 26 32.14261960022314 -143.06507673972732 32.14285316112864 -143.0670924926582 -1 -1 elec satellite_3021934530
123 1 100000008 190 26 32.18366828827628 -143.02932378260286 32.18390184918178 -143.0313404438748 -1 -1 elec satellite_3076435354
123 1 100000008 190 26 32.12853382016996 -143.03937787730692 32.12876738107546 -143.04139331896917 -1 -1 elec satellite_3083531202
123 1 100000008 190 26 32.17513863371716 -143.04535504299875 32.17537219462266 -143.04737151537066 -1 -1 elec satellite_3021934530
124 1 100000008 190 26 32.15493668590449 -143.04852130213357 32.15517024680999 -143.05053732742704 -1 -1 elec satellite_3076435354
124 1 100000008 190 26 32.15365013178014 -143.03923106189848 32.15388369268564 -143.0412470587351 -1 -1 elec satellite_3083531202
124 1 100000008 190 26 32.16595334183566 -143.04570116696297 32.16618690274116 -143.04771743600446 -1 -1 elec satellite_3021934530
125 1 100000008 190 26 32.1771815019157 -143.0357016878544 32.1774150628212 -143.03771820546095 -1 -1 elec satellite_3076435354
125 1 100000008 190 26 32.14225042794324 -143.05680568200248 32.14248398884874 -143.0588214267726 -1 -1 elec satellite_3021934530
126 1 100000008 190 26 32.15014962160478 -143.06812527777814 32.15038318251028 -143.07014119719744 -1 -1 elec satellite_3076435354
126 1 100000008 190 26 32.138571138103025 -143.0565525772301 32.138804699008524 -143.05856824067544 -1 -1 elec satellite_3083531202
126 1 100000008 190 26 32.1776447412772 -143.0522712034012 32.1778783021827 -143.05428773126573 -1 -1 elec satellite_3021934530
127 1 100000008 190 26 32.173684306158556 -143.0553953135042 32.173917867064056 -143.05741175367615 -1 -1 elec satellite_3076435354
127 1 100000008 190 26 32.173359918011265 -143.05661500720745 32.173593478916764 -143.05863144019753 -1 -1 elec satellite_3083531202
127 1 100000008 190 26 32.160514918632195 -143.03974645942148 32.160748479537695 -143.04176260811894 -1 -1 elec satellite_3021934530
128 1 100000008 190 26 32.16047011407489 -143.0615840200525 32.16070367498039 -143.06360016775864 -1 -1 elec satellite_3076435354
128 1 100000008 190 26 32.16354626080828 -143.0370554462086 32.16377982171378 -143.03907166198104 -1 -1 elec satellite_3083531202
128 1 100000008 190 26 32.18124276000722 -143.03686398930978 32.18147632091272 -143.03888059685715 -1 -1 elec satellite_3021934530
129 1 100000008 190 26 32.15366270327746 -143.04516367103815 32.15389626418296 -143.04717966815284 -1 -1 elec satellite_3076435354
129 1 100000008 190 26 32.154313564613005 -143.05293577382713 32.154547125518505 -143.05495178533778 -1 -1 elec satellite_3083531202
129 1 100000008 190 26 32.16746402301151 -143.05709447427805 32.16769758391701 -143.05911077675438 -1 -1 elec satellite_3021934530
130 1 100000008 190 26 32.15699865769309 -143.04654176784027 32.15723221859859 -143.04855783874555 -1 -1 elec satellite_3076435354
130 1 100000008 190 26 32.14705532179504 -143.05458282103908 32.147288882700536 -143.05659867203602 -1 -1 elec satellite_3083531202
131 1 100000008 190 26 32.124435298412706 -143.05085194998307 32.124668859318206 -143.05286730111678 -1 -1 elec satellite_3076435354
131 1 100000008 190 26 32.18310554589448 -143.06016190767397 32.18333910679998 -143.0621785564808 -1 -1 elec satellite_3021934530
132 1 100000008 190 26 32.144932429718914 -143.0218865506011 32.14516599062441 -143.02390235466189 -1 -1 elec satellite_3076435354
132 1 100000008 190 26 32.16641735449596 -143.03173402225752 32.16665091540146 -143.03375030156843 -1 -1 elec satellite_3083531202
133 1 100000008 190 26 32.14287588750072 -143.0472530770786 32.14310944840622 -143.04926883567498 -1 -1 elec satellite_3076435354
133 1 100000008 190 26 32.174888652992266 -143.07337542532252 32.175122213897765 -143.0753918921595 -1 -1 elec satellite_3021934530
134 1 100000008 190 26 32.1760964184945 -143.0202336386129 32.1763299794 -143.02225013219217 -1 -1 elec satellite_3076435354
134 1 100000008 190 26 32.15667594481805 -143.05899896378736 32.15690950572355 -143.06101502755376 -1 -1 elec satellite_3083531202
134 1 100000008 190 26 32.15522086608057 -143.01645978564252 32.15545442698607 -143.0184758172219 -1 -1 elec satellite_3021934530
135 1 100000008 190 26 32.16791196886792 -143.02346640842958 32.16814552977342 -143.0254827208205 -1 -1 elec satellite_3076435354
135 1 100000008 190 26 32.15779110779227 -143.01298369586974 32.15802466869777 -143.01499978430564 -1 -1 elec satellite_3021934530
136 1 100000008 190 26 32.139006593739055 -143.06606194817027 32.139240154644554 -143.06807762123987 -1 -1 elec satellite_3076435354
136 1 100000008 190 26 32.15502823972045 -143.0404554593348 32.15526180062595 -143.04247148665337 -1 -1 elec satellite_3083531202
136 1 100000008 190 26 32.150654157444386 -143.04661978552957 32.150887718349885 -143.04863571610636 -1 -1 elec satellite_3021934530
137 1 100000008 190 26 32.13452356204962 -143.02581415960367 32.13475712295512 -143.02782973360104 -1 -1 elec satellite_3083531202
137 1 100000008 190 26 32.14545409167322 -143.03394024703726 32.14568765257872 -143.0359560626313 -1 -1 elec satellite_3021934530
138 1 100000008 190 26 32.16813526466576 -143.04702231382964 32.16836882557126 -143.04903863116292 -1 -1 elec satellite_3076435354
138 1 100000008 190 26 32.15972317724853 -143.04832163281722 32.15995673815403 -143.05033776399736 -1 -1 elec satellite_3083531202
138 1 100000008 190 26 32.151877369471656 -143.04543440422788 32.152110930377155 -143.0474503618564 -1 -1 elec satellite_3021934530
139 1 100000008 190 26 32.18456446037624 -143.04225636078743 32.184798021281736 -143.04427304191088 -1 -1 elec satellite_3076435354
139 1 100000008 190 26 32.15872280634363 -143.043108730767 32.15895636724913 -143.04512483981486 -1 -1 elec satellite_3021934530
140 1 100000008 190 26 32.13852158311218 -143.03087096153791 32.13875514401768 -143.03288662388803 -1 -1 elec satellite_3076435354
140 1 100000008 190 26 32.17205341435063 -143.05787094375276 32.17228697525613 -143.0598873478183 -1 -1 elec satellite_3083531202
140 1 100000008 190 26 32.13940733548636 -143.07196861699097 32.13964089639186 -143.0739842989178 -1 -1 elec satellite_3021934530
141 1 100000008 190 26 32.15334911373878 -143.0429328433841 32.15358267464428 -143.0449488335629 -1 -1 elec satellite_3076435354
141 1 100000008 190 26 32.13862994643119 -143.02576590918903 32.13886350733669 -143.0277815739341 -1 -1 elec satellite_3083531202
141 1 100000008 190 26 32.15424791716793 -143.05721329663533 32.15448147807343 -143.05922930669394 -1 -1 elec satellite_3021934530
142 1 100000008 190 26 32.16192001367023 -143.0478730121428 32.16215357457573 -143.04988919192976 -1 -1 elec satellite_3083531202
142 1 100000008 190 26 32.16224483809565 -143.07100504090272 32.16247839900115 -143.07302122787715 -1 -1 elec satellite_3021934530
143 1 100000008 190 26 32.16302015556365 -143.05338165910203 32.16325371646915 -143.05539786323254 -1 -1 elec satellite_3083531202
144 1 100000008 190 26 32.12618083514203 -143.054084332427 32.12641439604753 -143.05609972211406 -1 -1 elec satellite_3083531202
144 1 100000008 190 26 32.159214331481294 -143.0581453770073 32.159447892386794 -143.06016149692957 -1 -1 elec satellite_3021934530
145 1 100000008 190 26 32.14952086988753 -143.05476804036127 32.14975443079303 -143.0567839458765 -1 -1 elec satellite_3076435354
145 1 100000008 190 26 32.17247263621951 -143.02086468818206 32.17270619712501 -143.0228811015285 -1 -1 elec satellite_3083531202
145 1 100000008 190 26 32.15992126112425 -143.04457676074063 32.16015482202975 -143.04659289630334 -1 -1 elec satellite_3021934530
147 1 100000008 190 26 32.140611704018234 -143.03823176562705 32.14084526492373 -143.04024747417395 -1 -1 elec satellite_3083531202
147 1 100000008 190 26 32.158613499581485 -143.04760906100546 32.158847060486984 -143.0496251676351 -1 -1 elec satellite_3021934530
148 1 100000008 190 26 32.154098299063136 -143.06815010317544 32.154331859968636 -143.0701661099247 -1 -1 elec satellite_3076435354
148 1 100000008 190 26 32.16118872996586 -143.0496960772916 32.16142229087136 -143.05171224089773 -1 -1 elec satellite_3083531202
148 1 100000008 190 26 32.1587355424734 -143.0471906849403 32.1589691033789 -143.04920679426994 -1 -1 elec satellite_3021934530
149 1 100000008 190 26 32.170539225538484 -143.03410390346463 32.17077278644398 -143.03612027401005 -1 -1 elec satellite_3076435354
149 1 100000008 190 26 32.163873497371185 -143.06095423925277 32.164107058276684 -143.06297046226663 -1 -1 elec satellite_3021934530
151 1 100000008 190 26 32.137165922931835 -143.03697829573616 32.137399483837335 -143.03899392812542 -1 -1 elec satellite_3083531202
152 1 100000008 190 26 32.1782980769932 -143.01896188538885 32.1785316378987 -143.0209784277213 -1 -1 elec satellite_3021934530
153 1 100000008 190 26 32.14937645998795 -143.05243229714432 32.14961002089345 -143.05444819946618 -1 -1 elec satellite_3083531202
153 1 100000008 190 26 32.132452709201026 -143.06102431245225 32.132686270106525 -143.0630398406925 -1 -1 elec satellite_3021934530
154 1 100000008 190 26 32.16763513415327 -143.0295615629058 32.16786869505877 -143.03157786916938 -1 -1 elec satellite_3076435354
154 1 100000008 190 26 32.177522367715284 -143.05186696229066 32.17775592862078 -143.05388348744532 -1 -1 elec satellite_3021934530
155 1 100000008 190 26 32.163122736709944 -143.05186645990736 32.163356297615444 -143.05388266630783 -1 -1 elec satellite_3083531202
156 1 100000008 190 26 32.15232456644818 -143.05014711931017 32.15255812735368 -143.05216308682898 -1 -1 elec satellite_3076435354
156 1 100000008 190 26 32.1379398759775 -143.07127802742954 32.138173436883 -143.07329367692336 -1 -1 elec satellite_3083531202
156 1 100000008 190 26 32.16758790171869 -143.06336616548742 32.16782146262419 -143.0653824707056 -1 -1 elec satellite_3021934530
157 1 100000008 190 26 32.160516237561275 -143.04645947783717 32.160749798466775 -143.04847562656383 -1 -1 elec satellite_3083531202
158 1 100000008 190 26 32.158218912334355 -143.04090122900018 32.158452473239855 -143.0429173269003 -1 -1 elec satellite_3076435354
158 1 100000008 190 26 32.166689544480114 -143.0222859201875 32.166923105385614 -143.02430220552253 -1 -1 elec satellite_3083531202
158 1 100000008 190 26 32.17282800717386 -143.05005877333045 32.17306156807936 -143.0520751945444 -1 -1 elec satellite_3021934530
159 1 100000008 190 26 32.17110534650757 -143.03780876604387 32.171338907413066 -143.03982514912138 -1 -1 elec satellite_3076435354
159 1 100000008 190 26 32.142591043945274 -143.0312240457469 32.14282460485077 -143.03323979804654 -1 -1 elec satellite_3083531202
160 1 100000008 190 26 32.18766939161926 -143.05728428390924 32.18790295252476 -143.0593010338183 -1 -1 elec satellite_3083531202
160 1 100000008 190 26 32.126805527451445 -143.04299085634696 32.127039088356945 -143.04500625983226 -1 -1 elec satellite_3021934530
161 1 100000008 190 26 32.163726831485654 -143.050120871805 32.163960392391154 -143.0521370915733 -1 -1 elec satellite_3076435354
161 1 100000008 190 26 32.19370564769985 -143.04299365382764 32.19393920860535 -143.04501053749223 -1 -1 elec satellite_3083531202
161 1 100000008 190 26 32.14466342950549 -143.0599426127506 32.14489699041099 -143.0619584108643 -1 -1 elec satellite_3021934530
162 1 100000008 190 26 32.13885711678036 -143.04194715908608 32.13909067768586 -143.043962828852 -1 -1 elec satellite_3076435354
162 1 100000008 190 26 32.17182352503181 -143.03722479784687 32.17205708593731 -143.0392411968231 -1 -1 elec satellite_3083531202
162 1 100000008 190 26 32.16927944291528 -143.05801318661509 32.16951300382078 -143.06002952927417 -1 -1 elec satellite_3021934530
163 1 100000008 190 26 32.169181525019006 -143.0647361856566 32.169415085924506 -143.0667525261483 -1 -1 elec satellite_3076435354
163 1 100000008 190 26 32.1530757200408 -143.05332351190427 32.1533092809463 -143.05533949603628 -1 -1 elec satellite_3083531202
163 1 100000008 190 26 32.156055520896174 -143.0457805696873 32.156289081801674 -143.04779661972935 -1 -1 elec satellite_3021934530
164 1 100000008 190 26 32.19298747938255 -143.04533238816447 32.19322104028805 -143.04734925591328 -1 -1 elec satellite_3076435354
164 1 100000008 190 26 32.160674622296085 -143.04756694169848 32.160908183201585 -143.04958309392947 -1 -1 elec satellite_3083531202
164 1 100000008 190 26 32.14835624797231 -143.0192230182442 32.14858980887781 -143.02123889800643 -1 -1 elec satellite_3021934530
165 1 100000008 190 26 32.15728496851066 -143.04426563899938 32.15751852941616 -143.04628171623835 -1 -1 elec satellite_3076435354
165 1 100000008 190 26 32.15920451183855 -143.04213613756357 32.15943807274405 -143.0441522572686 -1 -1 elec satellite_3083531202
165 1 100000008 190 26 32.16657474341758 -143.04732505295405 32.16680830432308 -143.0493413357483 -1 -1 elec satellite_3021934530
166 1 100000008 190 26 32.15944833008705 -143.03828498462994 32.15968189099255 -143.04030110972926 -1 -1 elec satellite_3083531202
166 1 100000008 190 26 32.16940966153699 -143.03868478928885 32.16964322244249 -143.04070113483036 -1 -1 elec satellite_3021934530
167 1 100000008 190 26 32.13960287042073 -143.06795535915063 32.13983643132623 -143.06997104539926 -1 -1 elec satellite_3083531202
167 1 100000008 190 26 32.150092661189575 -143.06117724351034 32.150326222095075 -143.06319316167 -1 -1 elec satellite_3021934530
168 1 100000008 190 26 32.16865323777901 -143.06911028729104 32.16888679868451 -143.0711266160892 -1 -1 elec satellite_3076435354
168 1 100000008 190 26 32.15768186444299 -143.04565902352167 32.15791542534849 -143.04767510954085 -1 -1 elec satellite_3083531202
168 1 100000008 190 26 32.15360889922575 -143.02986025895706 32.15384246013125 -143.0318762548817 -1 -1 elec satellite_3021934530
169 1 100000008 190 26 32.1606703709489 -143.05529973705794 32.1609039318544 -143.05731588919488 -1 -1 elec satellite_3076435354
169 1 100000008 190 26 32.14402807178133 -143.03976674585 32.14426163268683 -143.04178252991738 -1 -1 elec satellite_3083531202
169 1 100000008 190 26 32.12372279052351 -143.03814414620413 32.12395635142901 -143.0401594816018 -1 -1 elec satellite_3021934530
170 1 100000008 190 26 32.17354127643012 -143.0354915045679 32.17377483733562 -143.03750794157318 -1 -1 elec satellite_3076435354
170 1 100000008 190 26 32.162030223970774 -143.04162562006888 32.162263784876274 -143.04364180229447 -1 -1 elec satellite_3083531202
170 1 100000008 190 26 32.164801306812805 -143.02945512005047 32.165034867718305 -143.03147136359647 -1 -1 elec satellite_3021934530
171 1 100000008 190 26 32.17606270694734 -143.0254545007002 32.17629626785284 -143.027470993533 -1 -1 elec satellite_3076435354
171 1 100000008 190 26 32.1487139616128 -143.0278640250213 32.1489475225183 -143.02987991269342 -1 -1 elec satellite_3083531202
171 1 100000008 190 26 32.162062659361865 -143.01676113124958 32.162296220267365 -143.01877731419287 -1 -1 elec satellite_3021934530
172 1 100000008 190 26 32.19252663637634 -143.04574803148995 32.19276019728184 -143.04776488902604 -1 -1 elec satellite_3076435354
172 1 100000008 190 26 32.15645895420218 -143.04447031008863 32.15669251510768 -143.04648636905495 -1 -1 elec satellite_3083531202
173 1 100000008 190 26 32.15553256655422 -143.03514529657903 32.15576612745972 -143.03716133505318 -1 -1 elec satellite_3076435354
173 1 100000008 190 26 32.15846389517396 -143.04157070230536 32.15869745607946 -143.04358680562527 -1 -1 elec satellite_3083531202
173 1 100000008 190 26 32.17363129514192 -143.04480691773117 32.173864856047416 -143.04682335672948 -1 -1 elec satellite_3021934530
174 1 100000008 190 26 32.18633873447132 -143.0410048199398 32.18657229537682 -143.0430215403686 -1 -1 elec satellite_3076435354
175 1 100000008 190 26 32.18632412925341 -143.0337880854732 32.18655769015891 -143.03580480557844 -1 -1 elec satellite_3076435354
175 1 100000008 190 26 32.164396999664795 -143.0217228363902 32.164630560570295 -143.0237390709889 -1 -1 elec satellite_3083531202
175 1 100000008 190 26 32.1481451586044 -143.0529394630181 32.1483787195099 -143.05495533811273 -1 -1 elec satellite_3021934530
176 1 100000008 190 26 32.16106987579131 -143.06618611662492 32.16130343669681 -143.06820227760124 -1 -1 elec satellite_3076435354
176 1 100000008 190 26 32.138418143884216 -143.047155844661 32.138651704789716 -143.04917150472497 -1 -1 elec satellite_3083531202
176 1 100000008 190 26 32.15470974871278 -143.0119961014062 32.15494330961828 -143.01401212168 -1 -1 elec satellite_3021934530
177 1 100000008 190 26 32.17086202866728 -143.0332649992343 32.17109558957278 -143.0352813769255 -1 -1 elec satellite_3083531202
177 1 100000008 190 26 32.16049989414641 -143.04707428547937 32.16073345505191 -143.0490904338444 -1 -1 elec satellite_3021934530
178 1 100000008 190 26 32.16900689812178 -143.04451163843228 32.16924045902728 -143.04652797505858 -1 -1 elec satellite_3076435354
178 1 100000008 190 26 32.17157936942459 -143.02193157767138 32.17181293033009 -143.02394797124254 -1 -1 elec satellite_3021934530
179 1 100000008 190 26 32.156027122194736 -143.08168217564508 32.156260683100236 -143.08369822505895 -1 -1 elec satellite_3076435354
179 1 100000008 190 26 32.14987339340483 -143.04501667453323 32.15010695431033 -143.04703258784403 -1 -1 elec satellite_3083531202
179 1 100000008 190 26 32.15438312024807 -143.04120587070236 32.15461668115357 -143.04322188375147 -1 -1 elec satellite_3021934530
180 1 100000008 190 26 32.15980466724651 -143.0535929087589 32.16003822815201 -143.055609041742 -1 -1 elec satellite_3076435354
180 1 100000008 190 26 32.19226157604293 -143.04254775790824 32.19249513694843 -143.04456460957044 -1 -1 elec satellite_3083531202
180 1 100000008 190 26 32.18189114122939 -143.0391719629493 32.18212470213489 -143.04118858485745 -1 -1 elec satellite_3021934530
181 1 100000008 190 26 32.156981515935406 -143.0209043298928 32.157215076840906 -143.02292040041888 -1 -1 elec satellite_3076435354
181 1 100000008 190 26 32.17595310422101 -143.05482572195083 32.17618666512651 -143.05684221235677 -1 -1 elec satellite_3083531202
182 1 100000008 190 26 32.12948083228953 -143.0423626406371 32.12971439319503 -143.04437810321966 -1 -1 elec satellite_3076435354
182 1 100000008 190 26 32.15584392301526 -143.0508199911892 32.15607748392076 -143.05283603655062 -1 -1 elec satellite_3083531202
182 1 100000008 190 26 32.162743827504215 -143.06323845399496 32.162977388409715 -143.06525465201085 -1 -1 elec satellite_3021934530
183 1 100000008 190 26 32.15676165335385 -143.05776413453052 32.15699521425935 -143.0597802001929 -1 -1 elec satellite_3076435354
183 1 100000008 190 26 32.149422675974414 -143.04908607468914 32.14965623687991 -143.051101978033 -1 -1 elec satellite_3083531202
183 1 100000008 190 26 32.161860533831415 -143.06562865102515 32.162094094736915 -143.067644829496 -1 -1 elec satellite_3021934530
184 1 100000008 190 26 32.166394780201024 -143.0448667367267 32.166628341106524 -143.046883015538 -1 -1 elec satellite_3076435354
184 1 100000008 190 26 32.18043765797446 -143.02296693820864 32.18067121887996 -143.02498352792475 -1 -1 elec satellite_3021934530
185 1 100000008 190 26 32.14787745019458 -143.06852274363283 32.14811101110008 -143.07053861280795 -1 -1 elec satellite_3076435354
185 1 100000008 190 26 32.14856638587282 -143.07681656894485 32.14879994677832 -143.0788324533537 -1 -1 elec satellite_3021934530
186 1 100000008 190 26 32.164536114631474 -143.0194588597734 32.164769675536974 -143.0214750974507 -1 -1 elec satellite_3083531202
186 1 100000008 190 26 32.17787838928749 -143.05361554893614 32.17811195019299 -143.0556320819747 -1 -1 elec satellite_3021934530
187 1 100000008 190 26 32.154186094597605 -143.05161064287805 32.154419655503105 -143.05362665156923 -1 -1 elec satellite_3076435354
187 1 100000008 190 26 32.14906945296504 -143.0497315681211 32.14930301387054 -143.0517474636541 -1 -1 elec satellite_3083531202
187 1 100000008 190 26 32.1559627590343 -143.0559945753409 32.1561963199398 -143.058010623331 -1 -1 elec satellite_3021934530
188 1 100000008 190 26 32.16910455925079 -143.0771155362919 32.16933812015629 -143.07913187507992 -1 -1 elec satellite_3076435354
188 1 100000008 190 26 32.156048505385904 -143.04919325828695 32.1562820662914 -143.0512093081738 -1 -1 elec satellite_3083531202
188 1 100000008 190 26 32.179750260221006 -143.02505099205186 32.179983821126505 -143.02706756654413 -1 -1 elec satellite_3021934530
189 1 100000008 190 26 32.16594712844831 -143.05227171161633 32.16618068935381 -143.05428798052031 -1 -1 elec satellite_3076435354
189 1 100000008 190 26 32.151611970795614 -143.0294296300626 32.15184553170111 -143.0314455818216 -1 -1 elec satellite_3083531202
189 1 100000008 190 26 32.17102225653407 -143.02777148793785 32.17125581743957 -143.029787869176 -1 -1 elec satellite_3021934530
190 1 100000008 190 26 32.15734173943014 -143.0434945903456 32.15757530033564 -143.04551066884048 -1 -1 elec satellite_3076435354
190 1 100000008 190 26 32.13765062812942 -143.06656348658603 32.13788418903492 -143.06857912968732 -1 -1 elec satellite_3083531202
190 1 100000008 190 26 32.17699984375079 -143.05772489020512 32.17723340465629 -143.05974140378905 -1 -1 elec satellite_3021934530
191 1 100000008 190 26 32.179332523298264 -143.03468370236695 32.17956608420376 -143.03670026760787 -1 -1 elec satellite_3076435354
191 1 100000008 190 26 32.13793830205455 -143.0251322360739 32.13817186296005 -143.0271478855329 -1 -1 elec satellite_3083531202
191 1 100000008 190 26 32.15581408824584 -143.01637127625364 32.15604764915134 -143.0183873209551 -1 -1 elec satellite_3021934530
192 1 100000008 190 26 32.15203017729695 -143.04199637576622 32.15226373820245 -143.04401233677424 -1 -1 elec satellite_3076435354
192 1 100000008 190 26 32.155930252269066 -143.04202600768605 32.156163813174565 -143.0440420549571 -1 -1 elec satellite_3083531202
192 1 100000008 190 26 32.18180941121356 -143.02153311154092 32.182042972119056 -143.02354973163884 -1 -1 elec satellite_3021934530
193 1 100000008 190 26 32.149021877505554 -143.04515362395608 32.14925543841105 -143.04716951843704 -1 -1 elec satellite_3083531202
194 1 100000008 190 26 32.169806165139235 -143.076350511388 32.170039726044735 -143.0783668657063 -1 -1 elec satellite_3083531202
194 1 100000008 190 26 32.14878161721738 -143.03576379049227 32.14901517812288 -143.03777967966042 -1 -1 elec satellite_3021934530
195 1 100000008 190 26 32.163112958849524 -143.05419830087604 32.163346519755024 -143.05621450706013 -1 -1 elec satellite_3076435354
195 1 100000008 190 26 32.17103653913756 -143.04394983812062 32.17127010004306 -143.04596621967497 -1 -1 elec satellite_3021934530
196 1 100000008 190 26 32.16070098779399 -143.0514197944352 32.16093454869949 -143.05343594724954 -1 -1 elec satellite_3076435354
196 1 100000008 190 26 32.19100069665068 -143.03725477049508 32.19123425755618 -143.03927159421653 -1 -1 elec satellite_3021934530
197 1 100000008 190 26 32.17769224701707 -143.0669360719023 32.17792580792257 -143.06895260081882 -1 -1 elec satellite_3076435354
197 1 100000008 190 26 32.16858945483401 -143.0247444953322 32.16882301573951 -143.02676082271856 -1 -1 elec satellite_3021934530
198 1 100000008 190 26 32.146438568983676 -143.0567926858639 32.146672129889176 -143.05880852322423 -1 -1 elec satellite_3076435354
198 1 100000008 190 26 32.163347484025294 -143.04335490826645 32.163581044930794 -143.04537111964024 -1 -1 elec satellite_3083531202
198 1 100000008 190 26 32.148132711667486 -143.03661047127972 32.148366272572986 -143.0386263460991 -1 -1 elec satellite_3021934530
199 1 100000008 190 26 32.17351596073678 -143.01967139698164 32.17374952164228 -143.02168783342645 -1 -1 elec satellite_3076435354
199 1 100000008 190 26 32.15558593699922 -143.0496276183849 32.15581949790472 -143.0516436580396 -1 -1 elec satellite_3021934530
200 1 100000008 190 26 32.14902310200573 -143.06962464270686 32.14925666291123 -143.0716405372149 -1 -1 elec satellite_3076435354
200 1 100000008 190 26 32.17840628638618 -143.02810251956927 32.17863984729168 -143.03011906429805 -1 -1 elec satellite_3083531202
200 1 100000008 190 26 32.1582996516754 -143.04678283546835 32.1585332125809 -143.04879893515465 -1 -1 elec satellite_3021934530
