1 1 100000015 174 26 24.56714928305627 -178.23594995072696 24.567382843961767 -178.2376685928787 -1 -1 elec satellite_3008742836
1 1 100000015 174 26 24.55302693784063 -178.22781471383342 24.553260498746127 -178.22953316240753 -1 -1 elec satellite_3085222555
2 1 100000015 174 26 24.566132909630028 -178.23606349948759 24.566366470535524 -178.23778212770273 -1 -1 elec satellite_3008742836
2 1 100000015 174 26 24.559004196483873 -178.2262300543506 24.55923775738937 -178.22794858483803 -1 -1 elec satellite_3085222555
3 1 100000015 174 26 24.553849813745693 -178.23148535757826 24.55408337465119 -178.23320381742764 -1 -1 elec satellite_3085222555
4 1 100000015 174 26 24.59114938549022 -178.23416277308127 24.591382946395715 -178.23588174454648 -1 -1 elec satellite_3008742836
5 1 100000015 174 26 24.565407091372574 -178.20664995728794 24.56564065227807 -178.2083685755511 -1 -1 elec satellite_3085222555
6 1 100000015 174 26 24.569328933914107 -178.21722296947684 24.569562494819603 -178.21894164151863 -1 -1 elec satellite_3008742836
6 1 100000015 174 26 24.52689267648816 -178.21084150612415 24.527126237393656 -178.21255959686133 -1 -1 elec satellite_3085222555
7 1 100000015 174 26 24.55108036850115 -178.2262646402875 24.551313929406646 -178.2279830621912 -1 -1 elec satellite_3008742836
7 1 100000015 174 26 24.55666058931593 -178.21496561941413 24.556894150221424 -178.21668411778123 -1 -1 elec satellite_3085222555
8 1 100000015 174 26 24.575789054569128 -178.2562402209407 24.576022615474624 -178.25795898159237 -1 -1 elec satellite_3008742836
8 1 100000015 174 26 24.53997457477851 -178.19651593556318 24.540208135684004 -178.19823420535772 -1 -1 elec satellite_3085222555
9 1 100000015 174 26 24.550636513078835 -178.22675840041512 24.55087007398433 -178.22847681623787 -1 -1 elec satellite_3008742836
9 1 100000015 174 26 24.568867454542218 -178.2385262666556 24.569101015447714 -178.2402449323687 -1 -1 elec satellite_3085222555
10 1 100000015 174 26 24.561591994724605 -178.22370142136214 24.5618255556301 -178.2254199873214 -1 -1 elec satellite_3008742836
10 1 100000015 174 26 24.56215963579227 -178.2123270125984 24.562393196697766 -178.21404558633918 -1 -1 elec satellite_3085222555
11 1 100000015 174 26 24.548229699382677 -178.2179716815451 24.548463260288173 -178.21969006439625 -1 -1 elec satellite_3008742836
11 1 100000015 174 26 24.556324607431744 -178.22542619626012 24.55655816833724 -178.22714469002275 -1 -1 elec satellite_3085222555
12 1 100000015 174 26 24.545293329247407 -178.23652230198135 24.545526890152903 -178.23824064461215 -1 -1 elec satellite_3085222555
13 1 100000015 174 26 24.572467887477078 -178.2276091517239 24.572701448382574 -178.2293278668171 -1 -1 elec satellite_3008742836
13 1 100000015 174 26 24.544443856673507 -178.2204312069983 24.544677417579003 -178.22214953799482 -1 -1 elec satellite_3085222555
14 1 100000015 174 26 24.563791379760474 -178.195895713436 24.56402494066597 -178.19761430954688 -1 -1 elec satellite_3008742836
14 1 100000015 174 26 24.57243135111506 -178.2049773695289 24.572664912020556 -178.20669608412095 -1 -1 elec satellite_3085222555
15 1 100000015 174 26 24.557688441814634 -178.22662265641847 24.55792200272013 -178.2283411688723 -1 -1 elec satellite_3008742836
15 1 100000015 174 26 24.52968949011401 -178.2300756132578 24.529923051019505 -178.23179374226547 -1 -1 elec satellite_3085222555
16 1 100000015 174 26 24.557727542319174 -178.21817965070838 24.55796110322467 -178.2198981636981 -1 -1 elec satellite_3085222555
17 1 100000015 174 26 24.5816199712559 -178.22145811065434 24.581853532161396 -178.22317695131204 -1 -1 elec satellite_3008742836
17 1 100000015 174 26 24.559467885287475 -178.22616546781944 24.55970144619297 -178.22788400466246 -1 -1 elec satellite_3085222555
18 1 100000015 174 26 24.571132987871778 -178.20008542032278 24.571366548777274 -178.20180411710663 -1 -1 elec satellite_3008742836
18 1 100000015 174 26 24.530826430854663 -178.22300371874667 24.53105999176016 -178.22472186331342 -1 -1 elec satellite_3085222555
19 1 100000015 174 26 24.592119976928025 -178.21530442726157 24.59235353783352 -178.2170234120536 -1 -1 elec satellite_3008742836
20 1 100000015 174 26 24.574232762658248 -178.2299085434253 24.574466323563744 -178.23162728272735 -1 -1 elec satellite_3008742836
20 1 100000015 174 26 24.573936349016343 -178.22783707861058 24.57416990992184 -178.22955581384653 -1 -1 elec satellite_3085222555
21 1 100000015 174 26 24.543001978809347 -178.23558827574274 24.543235539714843 -178.23730658699267 -1 -1 elec satellite_3008742836
21 1 100000015 174 26 24.58599446167103 -178.24113605756153 24.586228022576528 -178.24285495825822 -1 -1 elec satellite_3085222555
22 1 100000015 174 26 24.54885845344282 -178.2445985591389 24.549092014348314 -178.2463169506031 -1 -1 elec satellite_3008742836
22 1 100000015 174 26 24.57964467278226 -178.22473426814156 24.579878233687754 -178.22645308169336 -1 -1 elec satellite_3085222555
23 1 100000015 174 26 24.557761192809284 -178.22063886536094 24.55799475371478 -178.22235737881186 -1 -1 elec satellite_3008742836
23 1 100000015 174 26 24.584782416901145 -178.20829683480596 24.58501597780664 -178.21001571886617 -1 -1 elec satellite_3085222555
24 1 100000015 174 26 24.555710323546784 -178.22514271353796 24.55594388445228 -178.22686119888235 -1 -1 elec satellite_3008742836
24 1 100000015 174 26 24.548733624354007 -178.22193497811057 24.548967185259503 -178.22365336786476 -1 -1 elec satellite_3085222555
25 1 100000015 174 26 24.571490298420787 -178.21483145692423 24.571723859326283 -178.21655015860878 -1 -1 elec satellite_3085222555
26 1 100000015 174 26 24.532259068579428 -178.2172947254036 24.532492629484924 -178.21901288957747 -1 -1 elec satellite_3008742836
26 1 100000015 174 26 24.56659528768182 -178.2333857387895 24.566828848587317 -178.2351043733447 -1 -1 elec satellite_3085222555
27 1 100000015 174 26 24.52894458551546 -178.21329901161545 24.529178146420957 -178.21501713042957 -1 -1 elec satellite_3008742836
27 1 100000015 174 26 24.543079829406196 -178.23234561088313 24.543313390311692 -178.2340639231992 -1 -1 elec satellite_3085222555
28 1 100000015 174 26 24.566165803097036 -178.24043335313453 24.56639936400253 -178.2421519818007 -1 -1 elec satellite_3008742836
28 1 100000015 174 26 24.557310440079807 -178.19160929621268 24.557544000985303 -178.19332780348591 -1 -1 elec satellite_3085222555
29 1 100000015 174 26 24.55824456394488 -178.22651690578874 24.558478124850375 -178.22823542586457 -1 -1 elec satellite_3008742836
29 1 100000015 174 26 24.56046285390155 -178.2314772926282 24.560696414807047 -178.23319584310934 -1 -1 elec satellite_3085222555
30 1 100000015 174 26 24.549674862817678 -178.20666372944345 24.549908423723174 -178.20838213209177 -1 -1 elec satellite_3008742836
30 1 100000015 174 26 24.53902261836739 -178.23506192602915 24.539256179272886 -178.23678018278957 -1 -1 elec satellite_3085222555
31 1 100000015 174 26 24.558533771713844 -178.22602724835338 24.55876733261934 -178.22774577239306 -1 -1 elec satellite_3008742836
32 1 100000015 174 26 24.551069039217488 -178.24724769072324 24.551302600122984 -178.24896611247175 -1 -1 elec satellite_3008742836
32 1 100000015 174 26 24.559077586209824 -178.22834635489318 24.55931114711532 -178.23006488638651 -1 -1 elec satellite_3085222555
33 1 100000015 174 26 24.551571702789932 -178.209618111927 24.551805263695428 -178.21133654056234 -1 -1 elec satellite_3008742836
34 1 100000015 174 26 24.55708164533031 -178.23028684804513 24.557315206235806 -178.2320053521827 -1 -1 elec satellite_3008742836
34 1 100000015 174 26 24.5450293659094 -178.2205019736821 24.545262926814896 -178.22222031269763 -1 -1 elec satellite_3085222555
35 1 100000015 174 26 24.55555834132852 -178.2294580491039 24.555791902234017 -178.23117653236554 -1 -1 elec satellite_3008742836
35 1 100000015 174 26 24.5470136501101 -178.2265465631771 24.547247211015595 -178.22826492937088 -1 -1 elec satellite_3085222555
36 1 100000015 174 26 24.568091372474615 -178.21037730406547 24.56832493338011 -178.21209595913587 -1 -1 elec satellite_3008742836
37 1 100000015 174 26 24.553608026840752 -178.24373505278874 24.55384158774625 -178.24545350932502 -1 -1 elec satellite_3008742836
38 1 100000015 174 26 24.561541459131053 -178.22567328250992 24.56177502003655 -178.22739184777643 -1 -1 elec satellite_3008742836
38 1 100000015 174 26 24.55296118366077 -178.21440163740556 24.553194744566266 -178.2161200850787 -1 -1 elec satellite_3085222555
39 1 100000015 174 26 24.581965538758197 -178.21958888000336 24.582199099663693 -178.2213077254034 -1 -1 elec satellite_3085222555
40 1 100000015 174 26 24.54587313560436 -178.21926223185343 24.546106696509856 -178.2209805824255 -1 -1 elec satellite_3008742836
41 1 100000015 174 26 24.55666196047777 -178.22156259139751 24.556895521383264 -178.2232810897834 -1 -1 elec satellite_3008742836
41 1 100000015 174 26 24.5883613154669 -178.2314996147265 24.588594876372397 -178.2332185479137 -1 -1 elec satellite_3085222555
43 1 100000015 174 26 24.54639889950756 -178.20130692248546 24.546632460413058 -178.20302528025883 -1 -1 elec satellite_3008742836
43 1 100000015 174 26 24.549016909000024 -178.20347036413875 24.54925046990552 -178.2051887577736 -1 -1 elec satellite_3085222555
44 1 100000015 174 26 24.56973617938724 -178.2219323354497 24.569969740292738 -178.22365101307653 -1 -1 elec satellite_3008742836
44 1 100000015 174 26 24.561938329550266 -178.22096917837985 24.56217189045576 -178.22268774908682 -1 -1 elec satellite_3085222555
45 1 100000015 174 26 24.563591632460028 -178.22653519893308 24.563825193365524 -178.22825379230548 -1 -1 elec satellite_3008742836
45 1 100000015 174 26 24.575885019911993 -178.24530435076946 24.57611858081749 -178.24702311273765 -1 -1 elec satellite_3085222555
46 1 100000015 174 26 24.555185538693387 -178.2609744946822 24.555419099598883 -178.26269297283505 -1 -1 elec satellite_3008742836
46 1 100000015 174 26 24.547952054278227 -178.2136629027534 24.548185615183723 -178.21538128180129 -1 -1 elec satellite_3085222555
47 1 100000015 174 26 24.548942551828212 -178.23173910392532 24.549176112733708 -178.23345749654158 -1 -1 elec satellite_3008742836
47 1 100000015 174 26 24.559506168757817 -178.2246826461769 24.559739729663313 -178.22640118354465 -1 -1 elec satellite_3085222555
48 1 100000015 174 26 24.557046703977008 -178.23300495678677 24.557280264882504 -178.23472346044548 -1 -1 elec satellite_3008742836
48 1 100000015 174 26 24.58714727730363 -178.22313485626495 24.587380838209125 -178.22485377278616 -1 -1 elec satellite_3085222555
49 1 100000015 174 26 24.523222298121738 -178.2288894117471 24.523455859027234 -178.23060745226908 -1 -1 elec satellite_3008742836
50 1 100000015 174 26 24.53876565413564 -178.2231776180249 24.538999215041137 -178.2248958712671 -1 -1 elec satellite_3008742836
50 1 100000015 174 26 24.560244295524356 -178.23821075332512 24.560477856429852 -178.2399293008104 -1 -1 elec satellite_3085222555
51 1 100000015 174 26 24.577982003707575 -178.2169979793623 24.57821556461307 -178.21871677010049 -1 -1 elec satellite_3085222555
53 1 100000015 174 26 24.577367446051824 -178.20117989943606 24.57760100695732 -178.20289868174234 -1 -1 elec satellite_3008742836
53 1 100000015 174 26 24.54459549922865 -178.2300952274733 24.544829060134145 -178.23181356054667 -1 -1 elec satellite_3085222555
54 1 100000015 174 26 24.56609702134632 -178.22854546476842 24.566330582251815 -178.2302640924915 -1 -1 elec satellite_3008742836
54 1 100000015 174 26 24.591536603731715 -178.23269650417228 24.59177016463721 -178.23441548095417 -1 -1 elec satellite_3085222555
55 1 100000015 174 26 24.555572134026615 -178.21533300847173 24.55580569493211 -178.21705149192238 -1 -1 elec satellite_3008742836
56 1 100000015 174 26 24.581645213744665 -178.2429741097764 24.58187877465016 -178.24469295078052 -1 -1 elec satellite_3008742836
56 1 100000015 174 26 24.529131290489975 -178.22801104523478 24.52936485139547 -178.2297291666038 -1 -1 elec satellite_3085222555
57 1 100000015 174 26 24.563384002946087 -178.20537389630093 24.563617563851583 -178.20709248682678 -1 -1 elec satellite_3008742836
57 1 100000015 174 26 24.541512721646793 -178.2085915457353 24.54174628255229 -178.2103098365914 -1 -1 elec satellite_3085222555
58 1 100000015 174 26 24.551073156006794 -178.21710738922837 24.55130671691229 -178.21882581103327 -1 -1 elec satellite_3008742836
58 1 100000015 174 26 24.555957901229288 -178.23180265889778 24.556191462134784 -178.23352114763497 -1 -1 elec satellite_3085222555
59 1 100000015 174 26 24.5408965927153 -178.210503824045 24.541130153620795 -178.21222210646434 -1 -1 elec satellite_3008742836
59 1 100000015 174 26 24.575810595836842 -178.20381155928865 24.576044156742338 -178.20553032023582 -1 -1 elec satellite_3085222555
60 1 100000015 174 26 24.585811154021425 -178.23384736352858 24.58604471492692 -178.23556626170912 -1 -1 elec satellite_3085222555
61 1 100000015 174 26 24.569642856367302 -178.2403884072087 24.5698764172728 -178.24210708355568 -1 -1 elec satellite_3008742836
61 1 100000015 174 26 24.561020880308533 -178.22495011336161 24.56125444121403 -178.226668671492 -1 -1 elec satellite_3085222555
62 1 100000015 174 26 24.568227270409455 -178.23008241599322 24.56846083131495 -178.2318010729272 -1 -1 elec satellite_3008742836
62 1 100000015 174 26 24.55223823697215 -178.21678806361402 24.552471797877647 -178.21850650138163 -1 -1 elec satellite_3085222555
63 1 100000015 174 26 24.556850590445308 -178.25791302864548 24.557084151350804 -178.25963152961648 -1 -1 elec satellite_3008742836
63 1 100000015 174 26 24.569825814355195 -178.23555135606648 24.57005937526069 -178.2372700349226 -1 -1 elec satellite_3085222555
64 1 100000015 174 26 24.556653017983226 -178.26041774866974 24.556886578888722 -178.26213624693307 -1 -1 elec satellite_3008742836
64 1 100000015 174 26 24.56447211625825 -178.21922473456078 24.564705677163747 -178.2209433400047 -1 -1 elec satellite_3085222555
65 1 100000015 174 26 24.543613752762745 -178.23885490733176 24.54384731366824 -178.24057322695978 -1 -1 elec satellite_3008742836
66 1 100000015 174 26 24.573432999837326 -178.24675211401976 24.573666560742822 -178.24847084235114 -1 -1 elec satellite_3008742836
66 1 100000015 174 26 24.558618945831967 -178.23084511246847 24.558852506737463 -178.23256363767558 -1 -1 elec satellite_3085222555
67 1 100000015 174 26 24.537156191401156 -178.25204643332407 24.53738975230665 -178.2537646645315 -1 -1 elec satellite_3008742836
67 1 100000015 174 26 24.53462788375573 -178.2222761212229 24.534861444661225 -178.22399431781972 -1 -1 elec satellite_3085222555
68 1 100000015 174 26 24.571028616784787 -178.23592538068996 24.571262177690283 -178.23764407604236 -1 -1 elec satellite_3008742836
68 1 100000015 174 26 24.550085333447466 -178.19758932437156 24.550318894352962 -178.19930773264318 -1 -1 elec satellite_3085222555
69 1 100000015 174 26 24.587050303356428 -178.2416718122304 24.587283864261924 -178.24339072742043 -1 -1 elec satellite_3008742836
70 1 100000015 174 26 24.562008682745702 -178.2218643720379 24.5622422436512 -178.22358294370935 -1 -1 elec satellite_3085222555
71 1 100000015 174 26 24.553629768994696 -178.2343367151803 24.553863329900192 -178.2360551720145 -1 -1 elec satellite_3008742836
71 1 100000015 174 26 24.534384290119913 -178.2304413440283 24.53461785102541 -178.23215953729076 -1 -1 elec satellite_3085222555
72 1 100000015 174 26 24.55797349452758 -178.1907969992599 24.558207055433076 -178.19251551562053 -1 -1 elec satellite_3008742836
72 1 100000015 174 26 24.52850378183525 -178.22578059548292 24.528737342740747 -178.2274987082651 -1 -1 elec satellite_3085222555
73 1 100000015 174 26 24.550892252932467 -178.2265078203294 24.551125813837963 -178.22822623965587 -1 -1 elec satellite_3008742836
73 1 100000015 174 26 24.557237176571018 -178.237450923626 24.557470737476514 -178.23916942989516 -1 -1 elec satellite_3085222555
74 1 100000015 174 26 24.55584473377661 -178.22877590003552 24.556078294682106 -178.23049438722185 -1 -1 elec satellite_3008742836
75 1 100000015 174 26 24.582342047185083 -178.2482240464058 24.58257560809058 -178.24994289697287 -1 -1 elec satellite_3008742836
75 1 100000015 174 26 24.562483521821534 -178.23401344209356 24.56271708272703 -178.23573202027444 -1 -1 elec satellite_3085222555
76 1 100000015 174 26 24.55267458450794 -178.25651748455127 24.552908145413436 -178.2582359282975 -1 -1 elec satellite_3085222555
77 1 100000015 174 26 24.554728633074326 -178.22753483209098 24.554962193979822 -178.2292533039827 -1 -1 elec satellite_3008742836
77 1 100000015 174 26 24.536912987956757 -178.2540589499016 24.537146548862253 -178.25577717777955 -1 -1 elec satellite_3085222555
78 1 100000015 174 26 24.561988356791183 -178.2196695855513 24.56222191769668 -178.22138815694407 -1 -1 elec satellite_3008742836
78 1 100000015 174 26 24.553704994511925 -178.24012879946278 24.55393855541742 -178.24184725732775 -1 -1 elec satellite_3085222555
79 1 100000015 174 26 24.581515201926752 -178.20560572911592 24.581748762832248 -178.20732456833585 -1 -1 elec satellite_3085222555
80 1 100000015 174 26 24.573189723750573 -178.22939744541765 24.57342328465607 -178.231116170412 -1 -1 elec satellite_3008742836
80 1 100000015 174 26 24.529916023907923 -178.24331078576165 24.53014958481342 -178.24502891786935 -1 -1 elec satellite_3085222555
82 1 100000015 174 26 24.56295426775525 -178.24160579122145 24.563187828660745 -178.24332437585585 -1 -1 elec satellite_3008742836
82 1 100000015 174 26 24.590072826470013 -178.21776690290412 24.59030638737551 -178.21948585958833 -1 -1 elec satellite_3085222555
83 1 100000015 174 26 24.550163858093303 -178.2205407159627 24.5503974189988 -178.22225912531007 -1 -1 elec satellite_3085222555
84 1 100000015 174 26 24.55802032045434 -178.22679848087486 24.558253881359835 -178.22851699787728 -1 -1 elec satellite_3008742836
85 1 100000015 174 26 24.557129887561626 -178.21478843906823 24.55736344846712 -178.21650694386696 -1 -1 elec satellite_3085222555
86 1 100000015 174 26 24.53657922100466 -178.22765127325755 24.536812781910157 -178.22936949656628 -1 -1 elec satellite_3008742836
86 1 100000015 174 26 24.562580825654443 -178.22577429912783 24.56281438655994 -178.22749287864266 -1 -1 elec satellite_3085222555
87 1 100000015 174 26 24.59396277517845 -178.22282327653545 24.594196336083947 -178.22454228663216 -1 -1 elec satellite_3008742836
87 1 100000015 174 26 24.562025695028986 -178.21924299502663 24.56225925593448 -178.22096156693127 -1 -1 elec satellite_3085222555
88 1 100000015 174 26 24.587115558492286 -178.21933435788847 24.587349119397782 -178.2210532739743 -1 -1 elec satellite_3008742836
89 1 100000015 174 26 24.53137319205114 -178.21204452637662 24.531606752956638 -178.21376267842618 -1 -1 elec satellite_3008742836
90 1 100000015 174 26 24.531725333372496 -178.23178346353188 24.53195889427799 -178.23350162040086 -1 -1 elec satellite_3008742836
91 1 100000015 174 26 24.542012563926008 -178.2364376201022 24.542246124831504 -178.23815591780297 -1 -1 elec satellite_3008742836
92 1 100000015 174 26 24.527089876234946 -178.2273787875288 24.527323437140442 -178.2290968809642 -1 -1 elec satellite_3008742836
92 1 100000015 174 26 24.555078150889283 -178.22806563929512 24.55531171179478 -178.2297841159764 -1 -1 elec satellite_3085222555
93 1 100000015 174 26 24.533357016177366 -178.24065669561102 24.53359057708286 -178.24237487481244 -1 -1 elec satellite_3008742836
93 1 100000015 174 26 24.545047116114286 -178.22965974551713 24.545280677019782 -178.23137808477577 -1 -1 elec satellite_3085222555
94 1 100000015 174 26 24.559105504199742 -178.2255241236247 24.559339065105238 -178.2272426555007 -1 -1 elec satellite_3008742836
94 1 100000015 174 26 24.548169385609953 -178.24252253536523 24.54840294651545 -178.24424091739016 -1 -1 elec satellite_3085222555
95 1 100000015 174 26 24.558615526405262 -178.22581073238817 24.558849087310758 -178.2275292575484 -1 -1 elec satellite_3008742836
95 1 100000015 174 26 24.544317385937536 -178.22988338373705 24.54455094684303 -178.23160171300148 -1 -1 elec satellite_3085222555
96 1 100000015 174 26 24.53633882231401 -178.23569296380418 24.536572383219507 -178.23741118382193 -1 -1 elec satellite_3008742836
97 1 100000015 174 26 24.553822018471074 -178.2377306359007 24.55405557937657 -178.2394490953692 -1 -1 elec satellite_3008742836
97 1 100000015 174 26 24.534707448586737 -178.23016497831014 24.534941009492233 -178.23188317599607 -1 -1 elec satellite_3085222555
98 1 100000015 174 26 24.561862944637845 -178.22325980218025 24.56209650554334 -178.2249783718538 -1 -1 elec satellite_3008742836
98 1 100000015 174 26 24.569527471130733 -178.23392874466307 24.56976103203623 -178.2356474194276 -1 -1 elec satellite_3085222555
99 1 100000015 174 26 24.532052764043314 -178.24205284971694 24.53228632494881 -178.24377101106722 -1 -1 elec satellite_3008742836
99 1 100000015 174 26 24.539767181375293 -178.24256627323814 24.54000074228079 -178.244284540193 -1 -1 elec satellite_3085222555
100 1 100000015 174 26 24.557087724734277 -178.24002422769945 24.557321285639773 -178.24174273192037 -1 -1 elec satellite_3085222555
101 1 100000015 174 26 24.571196935519428 -178.2330274621874 24.571430496424924 -178.23474615984836 -1 -1 elec satellite_3008742836
101 1 100000015 174 26 24.561875692806773 -178.22111774095595 24.56210925371227 -178.22283631080427 -1 -1 elec satellite_3085222555
102 1 100000015 174 26 24.571632401024843 -178.2061118789087 24.57186596193034 -178.2078305825423 -1 -1 elec satellite_3008742836
102 1 100000015 174 26 24.556259499364735 -178.22799724250112 24.55649306027023 -178.22971573537149 -1 -1 elec satellite_3085222555
103 1 100000015 174 26 24.531253146260745 -178.2371949552383 24.53148670716624 -178.2389131056449 -1 -1 elec satellite_3085222555
104 1 100000015 174 26 24.5798192250217 -178.23430049625821 24.580052785927197 -178.23601931220517 -1 -1 elec satellite_3085222555
105 1 100000015 174 26 24.559645724759886 -178.20343621192836 24.55987928566538 -178.205154751209 -1 -1 elec satellite_3008742836
105 1 100000015 174 26 24.582238185283945 -178.2494044313345 24.58247174618944 -178.2511232804762 -1 -1 elec satellite_3085222555
106 1 100000015 174 26 24.55565934102861 -178.22652550673413 24.555892901934104 -178.22824399137986 -1 -1 elec satellite_3008742836
107 1 100000015 174 26 24.585525047463115 -178.22287147055295 24.58575860836861 -178.22459036480635 -1 -1 elec satellite_3085222555
108 1 100000015 174 26 24.561257150482316 -178.22352008111756 24.561490711387812 -178.22523864248672 -1 -1 elec satellite_3008742836
108 1 100000015 174 26 24.559769715803597 -178.22513090138426 24.560003276709093 -178.22684944236443 -1 -1 elec satellite_3085222555
109 1 100000015 174 26 24.553839560104436 -178.22404992959673 24.55407312100993 -178.22576838930559 -1 -1 elec satellite_3008742836
109 1 100000015 174 26 24.531552623351114 -178.22681976009676 24.53178618425661 -178.22853791460201 -1 -1 elec satellite_3085222555
110 1 100000015 174 26 24.553364037072836 -178.1991078940098 24.55359759797833 -178.20082634720288 -1 -1 elec satellite_3008742836
110 1 100000015 174 26 24.568200831417066 -178.250190457107 24.568434392322562 -178.2519091136784 -1 -1 elec satellite_3085222555
111 1 100000015 174 26 24.555091871845367 -178.23524322446005 24.555325432750863 -178.23696170132936 -1 -1 elec satellite_3008742836
111 1 100000015 174 26 24.54779661110925 -178.20819197347302 24.548030172014744 -178.20991035039162 -1 -1 elec satellite_3085222555
112 1 100000015 174 26 24.540085284234273 -178.24641327164113 24.54031884513977 -178.2481315429515 -1 -1 elec satellite_3008742836
112 1 100000015 174 26 24.549673740598315 -178.22863855844432 24.54990730150381 -178.23035696107726 -1 -1 elec satellite_3085222555
113 1 100000015 174 26 24.573009792677603 -178.19961781867764 24.5732433535831 -178.20133654120391 -1 -1 elec satellite_3008742836
113 1 100000015 174 26 24.574040284893567 -178.23723028244632 24.574273845799063 -178.23894901910802 -1 -1 elec satellite_3085222555
114 1 100000015 174 26 24.554390073963138 -178.2267532902107 24.554623634868634 -178.2284717574631 -1 -1 elec satellite_3085222555
115 1 100000015 174 26 24.558722515152812 -178.22860191730794 24.55895607605831 -178.23032044393457 -1 -1 elec satellite_3008742836
115 1 100000015 174 26 24.550354704497266 -178.2501984539698 24.550588265402762 -178.25191686593175 -1 -1 elec satellite_3085222555
116 1 100000015 174 26 24.555985629486024 -178.22900613114442 24.55621919039152 -178.2307246202616 -1 -1 elec satellite_3008742836
117 1 100000015 174 26 24.577722587891518 -178.24621728178715 24.577956148797014 -178.24793606896603 -1 -1 elec satellite_3008742836
117 1 100000015 174 26 24.553623464268185 -178.22604793226935 24.55385702517368 -178.22776638901718 -1 -1 elec satellite_3085222555
118 1 100000015 174 26 24.562852898796656 -178.22132580592276 24.563086459702152 -178.22304438916748 -1 -1 elec satellite_3085222555
120 1 100000015 174 26 24.568500053338436 -178.24527484111044 24.568733614243932 -178.24699350178517 -1 -1 elec satellite_3008742836
120 1 100000015 174 26 24.534771417922524 -178.22919945295376 24.53500497882802 -178.23091765151534 -1 -1 elec satellite_3085222555
121 1 100000015 174 26 24.591942948051887 -178.22856585542536 24.592176508957383 -178.23028483778663 -1 -1 elec satellite_3008742836
121 1 100000015 174 26 24.549157688675585 -178.22066631533673 24.54939124958108 -178.22238471090014 -1 -1 elec satellite_3085222555
122 1 100000015 174 26 24.559934984872672 -178.2336352940316 24.56016854577817 -178.23535383727707 -1 -1 elec satellite_3085222555
123 1 100000015 174 26 24.560881943098106 -178.2089761930697 24.561115504003602 -178.21069474929556 -1 -1 elec satellite_3008742836
123 1 100000015 174 26 24.54279482174068 -178.20426928941282 24.543028382646177 -178.20598759782587 -1 -1 elec satellite_3085222555
124 1 100000015 174 26 24.59129901537598 -178.21563977822632 24.591532576281477 -178.217358751746 -1 -1 elec satellite_3008742836
124 1 100000015 174 26 24.548426507280922 -178.21352937006597 24.548660068186418 -178.21524775561306 -1 -1 elec satellite_3085222555
125 1 100000015 174 26 24.537524583793967 -178.197717431224 24.537758144699463 -178.19943566747483 -1 -1 elec satellite_3008742836
125 1 100000015 174 26 24.5554454674417 -178.23012690264045 24.555679028347196 -178.2318453843553 -1 -1 elec satellite_3085222555
126 1 100000015 174 26 24.55882755984815 -178.22505385536053 24.559061120753647 -178.22677238342692 -1 -1 elec satellite_3008742836
127 1 100000015 174 26 24.544645640080347 -178.24287229295317 24.544879200985843 -178.24459062671323 -1 -1 elec satellite_3008742836
127 1 100000015 174 26 24.551487372894798 -178.23340292538546 24.551720933800294 -178.2351213528654 -1 -1 elec satellite_3085222555
129 1 100000015 174 26 24.577346198784245 -178.24546533828425 24.57757975968974 -178.247184120299 -1 -1 elec satellite_3085222555
130 1 100000015 174 26 24.547574481090088 -178.21598765300706 24.547808041995584 -178.21770602688292 -1 -1 elec satellite_3008742836
130 1 100000015 174 26 24.54018329829456 -178.19787893454856 24.540416859200057 -178.199597207201 -1 -1 elec satellite_3085222555
131 1 100000015 174 26 24.539029703746962 -178.23456193129095 24.539263264652458 -178.23628018814838 -1 -1 elec satellite_3008742836
131 1 100000015 174 26 24.563399671563012 -178.2292044480038 24.563633232468508 -178.23092303874446 -1 -1 elec satellite_3085222555
132 1 100000015 174 26 24.56694174535072 -178.25431187191657 24.567175306256217 -178.25603051122246 -1 -1 elec satellite_3085222555
133 1 100000015 174 26 24.575021725679115 -178.2371396251539 24.57525528658461 -178.2388583752789 -1 -1 elec satellite_3085222555
134 1 100000015 174 26 24.52416774684729 -178.23548115304263 24.524401307752786 -178.23719920649853 -1 -1 elec satellite_3008742836
134 1 100000015 174 26 24.546348679108007 -178.2296969781461 24.546582240013503 -178.23141533523162 -1 -1 elec satellite_3085222555
135 1 100000015 174 26 24.53710357171814 -178.23207490403294 24.537337132623637 -178.23379313452 -1 -1 elec satellite_3008742836
135 1 100000015 174 26 24.568721915389215 -178.2156975693673 24.56895547629471 -178.21741623308455 -1 -1 elec satellite_3085222555
136 1 100000015 174 26 24.554519315807514 -178.22550653502532 24.55475287671301 -178.22722500404873 -1 -1 elec satellite_3008742836
137 1 100000015 174 26 24.556488738660555 -178.2350691361429 24.55672229956605 -178.23678763215486 -1 -1 elec satellite_3008742836
137 1 100000015 174 26 24.53967808105386 -178.21437077836347 24.539911641959357 -178.21608904409837 -1 -1 elec satellite_3085222555
138 1 100000015 174 26 24.551485073425912 -178.21096486938055 24.551718634331408 -178.212683296829 -1 -1 elec satellite_3008742836
138 1 100000015 174 26 24.558102340768215 -178.22710223757437 24.55833590167371 -178.22882075570092 -1 -1 elec satellite_3085222555
139 1 100000015 174 26 24.579904063496677 -178.23139085881456 24.580137624402173 -178.23310967592568 -1 -1 elec satellite_3008742836
140 1 100000015 174 26 24.55829909051209 -178.22529978783137 24.558532651417586 -178.22701830865455 -1 -1 elec satellite_3008742836
140 1 100000015 174 26 24.581820022886767 -178.23868033291353 24.582053583792263 -178.2403991763166 -1 -1 elec satellite_3085222555
141 1 100000015 174 26 24.548606932374067 -178.24838348506128 24.548840493279563 -178.25010187307996 -1 -1 elec satellite_3008742836
141 1 100000015 174 26 24.562103192940565 -178.2236409834715 24.56233675384606 -178.22535955643855 -1 -1 elec satellite_3085222555
142 1 100000015 174 26 24.549708110036256 -178.252621319104 24.549941670941752 -178.2543397222078 -1 -1 elec satellite_3008742836
142 1 100000015 174 26 24.560215606931727 -178.23085095850394 24.560449167837223 -178.23256950559596 -1 -1 elec satellite_3085222555
143 1 100000015 174 26 24.55766543816962 -178.23039099632177 24.557898999075118 -178.23210950846035 -1 -1 elec satellite_3008742836
143 1 100000015 174 26 24.569667589359018 -178.2382776550729 24.569901150264513 -178.23999633175904 -1 -1 elec satellite_3085222555
145 1 100000015 174 26 24.539463532886373 -178.2096314857744 24.53969709379187 -178.2113497485717 -1 -1 elec satellite_3008742836
146 1 100000015 174 26 24.586345136253197 -178.20650052857223 24.586578697158693 -178.20821943408248 -1 -1 elec satellite_3085222555
147 1 100000015 174 26 24.557083689066147 -178.22234198486066 24.557317249971643 -178.22406048902627 -1 -1 elec satellite_3085222555
148 1 100000015 174 26 24.566180194316654 -178.21138780251465 24.56641375522215 -178.21310643137815 -1 -1 elec satellite_3085222555
149 1 100000015 174 26 24.56297801499264 -178.2237826441766 24.563211575898137 -178.22550122913657 -1 -1 elec satellite_3008742836
149 1 100000015 174 26 24.556850872083768 -178.2233459855702 24.557084432989264 -178.22506448654508 -1 -1 elec satellite_3085222555
150 1 100000015 174 26 24.529104197595263 -178.23785577938597 24.52933775850076 -178.23957390038424 -1 -1 elec satellite_3008742836
150 1 100000015 174 26 24.567986429290514 -178.2188123218951 24.56821999019601 -178.22053097552637 -1 -1 elec satellite_3085222555
151 1 100000015 174 26 24.566852960017552 -178.2255179277678 24.56708652092305 -178.22723656585626 -1 -1 elec satellite_3008742836
151 1 100000015 174 26 24.564434509482926 -178.22402024032507 24.56466807038842 -178.2257388452534 -1 -1 elec satellite_3085222555
152 1 100000015 174 26 24.580481528563833 -178.2060516027921 24.58071508946933 -178.20777042782723 -1 -1 elec satellite_3008742836
152 1 100000015 174 26 24.575577043282696 -178.21543569291896 24.57581060418819 -178.2171544506621 -1 -1 elec satellite_3085222555
153 1 100000015 174 26 24.537104354271893 -178.23855114080163 24.53733791517739 -178.2402693712994 -1 -1 elec satellite_3085222555
154 1 100000015 174 26 24.57522635020383 -178.22555141672123 24.575459911109327 -178.22727016965337 -1 -1 elec satellite_3008742836
154 1 100000015 174 26 24.54861597034299 -178.21279573528537 24.548849531248486 -178.21451412342785 -1 -1 elec satellite_3085222555
155 1 100000015 174 26 24.5628433577597 -178.2274370739927 24.563076918665196 -178.2291556571066 -1 -1 elec satellite_3008742836
156 1 100000015 174 26 24.537256923167423 -178.24937816084056 24.53749048407292 -178.25109639342702 -1 -1 elec satellite_3008742836
157 1 100000015 174 26 24.55882483352251 -178.22604644593915 24.559058394428007 -178.22776497396816 -1 -1 elec satellite_3085222555
158 1 100000015 174 26 24.563246987220356 -178.20569442923482 24.563480548125852 -178.20741301788226 -1 -1 elec satellite_3008742836
158 1 100000015 174 26 24.56097658632774 -178.2317192462025 24.561210147233236 -178.2334378037257 -1 -1 elec satellite_3085222555
159 1 100000015 174 26 24.555943584481316 -178.22083115508192 24.556177145386812 -178.22254964362293 -1 -1 elec satellite_3008742836
159 1 100000015 174 26 24.530698017493485 -178.23783129847737 24.53093157839898 -178.23954944128673 -1 -1 elec satellite_3085222555
160 1 100000015 174 26 24.5584337943071 -178.2583598774882 24.558667355212595 -178.2600784001576 -1 -1 elec satellite_3008742836
161 1 100000015 174 26 24.571085193398552 -178.2579346910519 24.57131875430405 -178.25965338718024 -1 -1 elec satellite_3008742836
162 1 100000015 174 26 24.55861941885277 -178.20416307577548 24.558852979758267 -178.20588160098907 -1 -1 elec satellite_3008742836
162 1 100000015 174 26 24.561211381786208 -178.2476174342671 24.561444942691704 -178.2493359950089 -1 -1 elec satellite_3085222555
163 1 100000015 174 26 24.56082425331795 -178.23236305646932 24.561057814223446 -178.23408161190437 -1 -1 elec satellite_3008742836
163 1 100000015 174 26 24.55797767929871 -178.2205347770508 24.558211240204205 -178.22225329346878 -1 -1 elec satellite_3085222555
164 1 100000015 174 26 24.555206979545634 -178.24215774438713 24.55544054045113 -178.24387622283382 -1 -1 elec satellite_3008742836
164 1 100000015 174 26 24.550192462412472 -178.22721511958474 24.550426023317968 -178.228933529324 -1 -1 elec satellite_3085222555
165 1 100000015 174 26 24.56067130393906 -178.21336567926082 24.560904864844556 -178.21508423259928 -1 -1 elec satellite_3085222555
166 1 100000015 174 26 24.55095828882415 -178.21569913082425 24.551191849729648 -178.21741755105543 -1 -1 elec satellite_3008742836
166 1 100000015 174 26 24.555102142777734 -178.2213926029347 24.55533570368323 -178.22311107994477 -1 -1 elec satellite_3085222555
167 1 100000015 174 26 24.56276649977961 -178.22782220710278 24.563000060685106 -178.22954078916302 -1 -1 elec satellite_3008742836
167 1 100000015 174 26 24.557449604143596 -178.24870545248967 24.55768316504909 -178.25042396167018 -1 -1 elec satellite_3085222555
168 1 100000015 174 26 24.54686187228022 -178.21212653246027 24.547095433185717 -178.2138448965751 -1 -1 elec satellite_3085222555
169 1 100000015 174 26 24.552967343097908 -178.2468252812984 24.553200904003404 -178.24854372905597 -1 -1 elec satellite_3008742836
169 1 100000015 174 26 24.559993910570114 -178.20465986437173 24.56022747147561 -178.20637840842494 -1 -1 elec satellite_3085222555
170 1 100000015 174 26 24.568071050281112 -178.23971722454576 24.56830461118661 -178.24143587933744 -1 -1 elec satellite_3008742836
170 1 100000015 174 26 24.55396312267723 -178.22259355779082 24.554196683582727 -178.2243120191928 -1 -1 elec satellite_3085222555
171 1 100000015 174 26 24.554295001536463 -178.22671990922697 24.55452856244196 -178.2284383751766 -1 -1 elec satellite_3008742836
171 1 100000015 174 26 24.57171124886279 -178.25986174654133 24.571944809768286 -178.2615804512564 -1 -1 elec satellite_3085222555
172 1 100000015 174 26 24.56712942795943 -178.23554376227054 24.567362988864925 -178.23726240415 -1 -1 elec satellite_3085222555
173 1 100000015 174 26 24.562525858810133 -178.20811738792344 24.56275941971563 -178.20983596668472 -1 -1 elec satellite_3085222555
174 1 100000015 174 26 24.562107070643687 -178.22358127271963 24.562340631549183 -178.2252998457398 -1 -1 elec satellite_3008742836
174 1 100000015 174 26 24.569529305380268 -178.2423459117469 24.569762866285764 -178.2440645865366 -1 -1 elec satellite_3085222555
175 1 100000015 174 26 24.5612852076798 -178.2304129314006 24.561518768585294 -178.23213149315436 -1 -1 elec satellite_3085222555
176 1 100000015 174 26 24.57144636219506 -178.1988851193152 24.571679923100557 -178.20060382039716 -1 -1 elec satellite_3008742836
176 1 100000015 174 26 24.526495546488405 -178.23455768215732 24.5267291073939 -178.2362757674608 -1 -1 elec satellite_3085222555
177 1 100000015 174 26 24.56358383206366 -178.2604820496391 24.563817392969156 -178.26220064290456 -1 -1 elec satellite_3008742836
178 1 100000015 174 26 24.559061655182866 -178.22592147417623 24.559295216088362 -178.2276400054512 -1 -1 elec satellite_3085222555
179 1 100000015 174 26 24.56512032117622 -178.21404502528983 24.565353882081716 -178.2157636396211 -1 -1 elec satellite_3008742836
179 1 100000015 174 26 24.56153598271592 -178.25070714234096 24.561769543621416 -178.2524257075324 -1 -1 elec satellite_3085222555
180 1 100000015 174 26 24.555859759786404 -178.2372706892912 24.5560933206919 -178.23898917668345 -1 -1 elec satellite_3008742836
180 1 100000015 174 26 24.56320023770275 -178.22205494681566 24.563433798608244 -178.22377353482216 -1 -1 elec satellite_3085222555
181 1 100000015 174 26 24.562522245460947 -178.23208605629995 24.562755806366443 -178.2338046350117 -1 -1 elec satellite_3008742836
181 1 100000015 174 26 24.546405105596364 -178.19712247884135 24.54663866650186 -178.19884083669973 -1 -1 elec satellite_3085222555
182 1 100000015 174 26 24.562462459047353 -178.22393792792045 24.56269601995285 -178.2256565058126 -1 -1 elec satellite_3008742836
182 1 100000015 174 26 24.577736313596144 -178.2182359499446 24.57796987450164 -178.2199547373118 -1 -1 elec satellite_3085222555
183 1 100000015 174 26 24.556244693386038 -178.2261711814726 24.556478254291534 -178.22788967414007 -1 -1 elec satellite_3008742836
184 1 100000015 174 26 24.572966763876124 -178.22653556328459 24.57320032478162 -178.22825428522066 -1 -1 elec satellite_3008742836
184 1 100000015 174 26 24.531562388535114 -178.24193708365252 24.53179594944061 -178.2436552382914 -1 -1 elec satellite_3085222555
