2 1 1000000010 208 32 16.852166647484697 -162.3536773914681 16.852454107060694 -162.35562971960243 -1 -1 elec satellite_3008742836
3 1 1000000010 208 32 16.8345820734688 -162.37768994941396 16.834869533044795 -162.37964209615657 -1 -1 elec satellite_3008742836
5 1 1000000010 208 32 16.844356242770303 -162.3934325823375 16.8446437023463 -162.39538482987763 -1 -1 elec satellite_3008742836
6 1 1000000010 208 32 16.87311570225807 -162.36651764932031 16.873403161834066 -162.36847019383637 -1 -1 elec satellite_3008742836
7 1 1000000010 208 32 16.87930923114311 -162.3795584698078 16.879596690719108 -162.3815110783557 -1 -1 elec satellite_3008742836
8 1 1000000010 208 32 16.85364218633363 -162.37525619180107 16.853929645909627 -162.37720853516606 -1 -1 elec satellite_3008742836
9 1 1000000010 208 32 16.849947485287657 -162.37167533049032 16.850234944863654 -162.37362763572114 -1 -1 elec satellite_3008742836
10 1 1000000010 208 32 16.89277133732047 -162.3739710666626 16.89305879689647 -162.37592381448172 -1 -1 elec satellite_3008742836
11 1 1000000010 208 32 16.83740802110317 -162.35434405551453 16.837695480679166 -162.35629623139323 -1 -1 elec satellite_3008742836
12 1 1000000010 208 32 16.85969441577404 -162.3716091642011 16.859981875350037 -162.3735615700538 -1 -1 elec satellite_3008742836
13 1 1000000010 208 32 16.831775794620054 -162.37377472367305 16.83206325419605 -162.37572684148796 -1 -1 elec satellite_3008742836
15 1 1000000010 208 32 16.88524297000667 -162.39422082713753 16.885530429582666 -162.39617349705676 -1 -1 elec satellite_3008742836
16 1 1000000010 208 32 16.847049753632295 -162.37736727717152 16.84733721320829 -162.37931955250065 -1 -1 elec satellite_3008742836
17 1 1000000010 208 32 16.830857747179344 -162.35886603122157 16.83114520675534 -162.36081813957423 -1 -1 elec satellite_3008742836
18 1 1000000010 208 32 16.86655807936418 -162.36923086102195 16.866845538940176 -162.37118333777144 -1 -1 elec satellite_3008742836
19 1 1000000010 208 32 16.877412647120423 -162.37562437629904 16.87770010669642 -162.37757696523622 -1 -1 elec satellite_3008742836
20 1 1000000010 208 32 16.88108553119353 -162.36570752111606 16.881372990769528 -162.36766014803322 -1 -1 elec satellite_3008742836
21 1 1000000010 208 32 16.83262814491008 -162.37544363799114 16.832915604486075 -162.37739576459165 -1 -1 elec satellite_3008742836
22 1 1000000010 208 32 16.888023962978625 -162.3853749326145 16.888311422554622 -162.38732763130545 -1 -1 elec satellite_3008742836
23 1 1000000010 208 32 16.8665146321863 -162.35702126120006 16.866802091762295 -162.35897373750066 -1 -1 elec satellite_3008742836
25 1 1000000010 208 32 16.829419277329638 -162.3869701478342 16.829706736905635 -162.38892224136188 -1 -1 elec satellite_3008742836
26 1 1000000010 208 32 16.859478405800424 -162.36510419529532 16.85976586537642 -162.36705659891734 -1 -1 elec satellite_3008742836
27 1 1000000010 208 32 16.85711608161089 -162.37397070159972 16.857403541186887 -162.37592308082864 -1 -1 elec satellite_3008742836
28 1 1000000010 208 32 16.871896357971107 -162.36044338693873 16.872183817547104 -162.36239591885177 -1 -1 elec satellite_3008742836
29 1 1000000010 208 32 16.853420500616732 -162.3811843957673 16.85370796019273 -162.3831367368439 -1 -1 elec satellite_3008742836
31 1 1000000010 208 32 16.82724761724959 -162.36444097974965 16.827535076825587 -162.3663930508988 -1 -1 elec satellite_3008742836
32 1 1000000010 208 32 16.857153522552697 -162.3856399420864 16.857440982128693 -162.3875923217019 -1 -1 elec satellite_3008742836
33 1 1000000010 208 32 16.868200919792123 -162.35213626109118 16.86848837936812 -162.35408875481497 -1 -1 elec satellite_3008742836
34 1 1000000010 208 32 16.857249648843844 -162.37626164867964 16.85753710841984 -162.37821402928765 -1 -1 elec satellite_3008742836
35 1 1000000010 208 32 16.856692661776865 -162.38345808810647 16.856980121352862 -162.3854104629636 -1 -1 elec satellite_3008742836
36 1 1000000010 208 32 16.84546529068351 -162.35140186971077 16.845752750259507 -162.35335412869233 -1 -1 elec satellite_3008742836
37 1 1000000010 208 32 16.84068910631653 -162.37791861980025 16.840976565892525 -162.37987082951463 -1 -1 elec satellite_3008742836
38 1 1000000010 208 32 16.877337517433116 -162.35914551287186 16.877624977009113 -162.36109810103224 -1 -1 elec satellite_3008742836
39 1 1000000010 208 32 16.888321024624226 -162.3798927060563 16.888608484200223 -162.38184540782092 -1 -1 elec satellite_3008742836
40 1 1000000010 208 32 16.861687723849524 -162.38030154642007 16.86197518342552 -162.38225397285882 -1 -1 elec satellite_3008742836
41 1 1000000010 208 32 16.846598753420764 -162.3600500104073 16.84688621299676 -162.36200228108308 -1 -1 elec satellite_3008742836
42 1 1000000010 208 32 16.857044449584322 -162.37297685528907 16.85733190916032 -162.37492923377837 -1 -1 elec satellite_3008742836
43 1 1000000010 208 32 16.880565918005047 -162.35178837319623 16.880853377581044 -162.3537409947397 -1 -1 elec satellite_3008742836
44 1 1000000010 208 32 16.880021057236227 -162.3745027611277 16.880308516812224 -162.37645537703654 -1 -1 elec satellite_3008742836
45 1 1000000010 208 32 16.87600041826687 -162.37144245094444 16.876287877842866 -162.3733950252808 -1 -1 elec satellite_3008742836
46 1 1000000010 208 32 16.86217959119222 -162.37631075400688 16.862467050768217 -162.37826318552587 -1 -1 elec satellite_3008742836
47 1 1000000010 208 32 16.884480072046003 -162.35877824286135 16.884767531622 -162.3607309048887 -1 -1 elec satellite_3008742836
48 1 1000000010 208 32 16.88426583259841 -162.37157124871882 16.884553292174406 -162.37352390853005 -1 -1 elec satellite_3008742836
49 1 1000000010 208 32 16.844688101978875 -162.3781414773564 16.84497556155487 -162.38009372832002 -1 -1 elec satellite_3008742836
50 1 1000000010 208 32 16.86680719278625 -162.36822742154007 16.867094652362248 -162.37017990086335 -1 -1 elec satellite_3008742836
51 1 1000000010 208 32 16.859297183421027 -162.37206697935596 16.859584642997024 -162.37401938110656 -1 -1 elec satellite_3008742836
52 1 1000000010 208 32 16.824098575342262 -162.36443807021988 16.82438603491826 -162.36639010892466 -1 -1 elec satellite_3008742836
53 1 1000000010 208 32 16.882321110345863 -162.3599595969037 16.88260856992186 -162.3619122365997 -1 -1 elec satellite_3008742836
54 1 1000000010 208 32 16.86513927122139 -162.38640863646663 16.865426730797388 -162.3883610985581 -1 -1 elec satellite_3008742836
55 1 1000000010 208 32 16.845233487907592 -162.37236248903898 16.84552094748359 -162.37431474562908 -1 -1 elec satellite_3008742836
56 1 1000000010 208 32 16.84468220555756 -162.38184470937207 16.844969665133558 -162.38379696027488 -1 -1 elec satellite_3008742836
58 1 1000000010 208 32 16.857461065152417 -162.35940920442093 16.857748524728414 -162.36136158721186 -1 -1 elec satellite_3008742836
60 1 1000000010 208 32 16.87321022090832 -162.36962044199953 16.873497680484316 -162.37157298749258 -1 -1 elec satellite_3008742836
61 1 1000000010 208 32 16.844399737934783 -162.3888924893912 16.84468719751078 -162.39084473738 -1 -1 elec satellite_3008742836
62 1 1000000010 208 32 16.84558661715745 -162.36387092054318 16.84587407673345 -162.36582318077646 -1 -1 elec satellite_3008742836
63 1 1000000010 208 32 16.84444018570273 -162.36300628737877 16.844727645278727 -162.36495853578484 -1 -1 elec satellite_3008742836
64 1 1000000010 208 32 16.836594255679405 -162.36314688572114 16.8368817152554 -162.36509905320918 -1 -1 elec satellite_3008742836
67 1 1000000010 208 32 16.886043087163653 -162.36037256943845 16.88633054673965 -162.36232524763503 -1 -1 elec satellite_3008742836
68 1 1000000010 208 32 16.859308919239037 -162.3730683781934 16.859596378815034 -162.3750207800652 -1 -1 elec satellite_3008742836
69 1 1000000010 208 32 16.84978509549083 -162.3431410815845 16.850072555066827 -162.34509338513945 -1 -1 elec satellite_3008742836
70 1 1000000010 208 32 16.86243817333876 -162.3971209598289 16.862725632914756 -162.3990733940187 -1 -1 elec satellite_3008742836
71 1 1000000010 208 32 16.861881184454845 -162.35906751953695 16.86216864403084 -162.36101994797383 -1 -1 elec satellite_3008742836
72 1 1000000010 208 32 16.85574862005236 -162.34274687702677 16.856036079628357 -162.3446992421372 -1 -1 elec satellite_3008742836
73 1 1000000010 208 32 16.87822664980555 -162.3694313608553 16.87851410938155 -162.37138395820895 -1 -1 elec satellite_3008742836
74 1 1000000010 208 32 16.850595238440494 -162.4029927980523 16.85088269801649 -162.40494510996808 -1 -1 elec satellite_3008742836
75 1 1000000010 208 32 16.84746786926005 -162.35972720236148 16.847755328836048 -162.36167948200477 -1 -1 elec satellite_3008742836
76 1 1000000010 208 32 16.862643055263632 -162.37936233891386 16.86293051483963 -162.38131477521986 -1 -1 elec satellite_3008742836
77 1 1000000010 208 32 16.85138734481972 -162.38696320057326 16.851674804395717 -162.38891552066417 -1 -1 elec satellite_3008742836
78 1 1000000010 208 32 16.846110280693416 -162.3980415690671 16.846397740269413 -162.39999383470308 -1 -1 elec satellite_3008742836
79 1 1000000010 208 32 16.853798952451694 -162.396423327746 16.85408641202769 -162.39837567272923 -1 -1 elec satellite_3008742836
80 1 1000000010 208 32 16.826443802297746 -162.3657076683822 16.826731261873743 -162.36765973124906 -1 -1 elec satellite_3008742836
81 1 1000000010 208 32 16.851576154437158 -162.39887531862828 16.851863614013155 -162.40082764066793 -1 -1 elec satellite_3008742836
82 1 1000000010 208 32 16.8530904599084 -162.3759955388157 16.853377919484398 -162.3779478764855 -1 -1 elec satellite_3008742836
83 1 1000000010 208 32 16.834444928514692 -162.35591517951218 16.83473238809069 -162.35786732484095 -1 -1 elec satellite_3008742836
84 1 1000000010 208 32 16.861140292957547 -162.3692638225689 16.861427752533544 -162.37121624335376 -1 -1 elec satellite_3008742836
85 1 1000000010 208 32 16.855970733701536 -162.38061898250191 16.856258193277533 -162.3825713499055 -1 -1 elec satellite_3008742836
86 1 1000000010 208 32 16.859734860269214 -162.39289240374208 16.86002231984521 -162.39484481001244 -1 -1 elec satellite_3008742836
87 1 1000000010 208 32 16.837051822980833 -162.34963815897518 16.83733928255683 -162.3515903311811 -1 -1 elec satellite_3008742836
91 1 1000000010 208 32 16.89235385319676 -162.36356423656662 16.892641312772756 -162.3655169800648 -1 -1 elec satellite_3008742836
92 1 1000000010 208 32 16.838314818735004 -162.39858649512576 16.838602278311 -162.4005386803549 -1 -1 elec satellite_3008742836
94 1 1000000010 208 32 16.86190812550508 -162.37714059240176 16.86219558508108 -162.3790930211169 -1 -1 elec satellite_3008742836
95 1 1000000010 208 32 16.847615823479604 -162.3664172714512 16.8479032830556 -162.36836955262115 -1 -1 elec satellite_3008742836
96 1 1000000010 208 32 16.84557250220814 -162.37472605032477 16.845859961784136 -162.37667831041242 -1 -1 elec satellite_3008742836
97 1 1000000010 208 32 16.8494410982421 -162.3618187548097 16.849728557818096 -162.36377105481466 -1 -1 elec satellite_3008742836
98 1 1000000010 208 32 16.841193792487935 -162.36832210891066 16.841481252063932 -162.37027432383022 -1 -1 elec satellite_3008742836
99 1 1000000010 208 32 16.872339481385694 -162.38574796702437 16.87262694096169 -162.38770050351738 -1 -1 elec satellite_3008742836
100 1 1000000010 208 32 16.854955423373003 -162.3392958865089 16.855242882949 -162.34124824343053 -1 -1 elec satellite_3008742836
101 1 1000000010 208 32 16.883480968868085 -162.3736562425122 16.883768428444082 -162.37560889420485 -1 -1 elec satellite_3008742836
103 1 1000000010 208 32 16.84394256895168 -162.37634800634132 16.844230028527676 -162.378300249614 -1 -1 elec satellite_3008742836
104 1 1000000010 208 32 16.87067159260117 -162.36973836832698 16.870959052177167 -162.37169088758202 -1 -1 elec satellite_3008742836
105 1 1000000010 208 32 16.85659279272037 -162.37327682777513 16.856880252296367 -162.37522920160114 -1 -1 elec satellite_3008742836
106 1 1000000010 208 32 16.851632119752924 -162.38563488218009 16.85191957932892 -162.38758720479734 -1 -1 elec satellite_3008742836
107 1 1000000010 208 32 16.836609662342394 -162.38066666046734 16.83689712191839 -162.38261882811423 -1 -1 elec satellite_3008742836
109 1 1000000010 208 32 16.840701686850974 -162.38408510691897 16.84098914642697 -162.3860373167631 -1 -1 elec satellite_3008742836
110 1 1000000010 208 32 16.85630451493623 -162.34089797396805 16.856591974512227 -162.34285034481772 -1 -1 elec satellite_3008742836
111 1 1000000010 208 32 16.86802955010408 -162.37211366560203 16.868317009680077 -162.3740661575551 -1 -1 elec satellite_3008742836
112 1 1000000010 208 32 16.843272641959583 -162.36857325848456 16.84356010153558 -162.37052549484656 -1 -1 elec satellite_3008742836
113 1 1000000010 208 32 16.849477330840138 -162.39149867288066 16.849764790416135 -162.39345097325955 -1 -1 elec satellite_3008742836
114 1 1000000010 208 32 16.867082967418046 -162.39759943241918 16.867370426994043 -162.39955191459177 -1 -1 elec satellite_3008742836
115 1 1000000010 208 32 16.850393116412757 -162.37485652216094 16.850680575988754 -162.37680883199073 -1 -1 elec satellite_3008742836
116 1 1000000010 208 32 16.848006496913698 -162.3722136107282 16.848293956489695 -162.3741658959293 -1 -1 elec satellite_3008742836
117 1 1000000010 208 32 16.85885333261845 -162.37022145791454 16.85914079219445 -162.37217385508174 -1 -1 elec satellite_3008742836
119 1 1000000010 208 32 16.85982610543845 -162.36252901112675 16.860113565014448 -162.3644814183394 -1 -1 elec satellite_3008742836
121 1 1000000010 208 32 16.86262704049439 -162.37897047148297 16.86291450007039 -162.38092290762356 -1 -1 elec satellite_3008742836
123 1 1000000010 208 32 16.823057732581514 -162.36664300605108 16.82334519215751 -162.36859503403366 -1 -1 elec satellite_3008742836
124 1 1000000010 208 32 16.858540550969565 -162.36811378680542 16.85882801054556 -162.37006618074278 -1 -1 elec satellite_3008742836
126 1 1000000010 208 32 16.86631006903156 -162.36671089525163 16.866597528607556 -162.36866336943876 -1 -1 elec satellite_3008742836
127 1 1000000010 208 32 16.846074460351378 -162.3758273023126 16.846361919927375 -162.377779567579 -1 -1 elec satellite_3008742836
128 1 1000000010 208 32 16.84416139149363 -162.38091884554308 16.844448851069625 -162.3828710910731 -1 -1 elec satellite_3008742836
129 1 1000000010 208 32 16.873761065574207 -162.39679633601702 16.874048525150204 -162.3987488872039 -1 -1 elec satellite_3008742836
130 1 1000000010 208 32 16.86208623162272 -162.37336136279728 16.862373691198716 -162.37531379335198 -1 -1 elec satellite_3008742836
131 1 1000000010 208 32 16.88320758977276 -162.34972093624776 16.883495049348756 -162.3516735851127 -1 -1 elec satellite_3008742836
132 1 1000000010 208 32 16.858316756689717 -162.37240782564152 16.858604216265714 -162.374360217268 -1 -1 elec satellite_3008742836
133 1 1000000010 208 32 16.84008770346946 -162.3651534040855 16.840375163045458 -162.36710560759744 -1 -1 elec satellite_3008742836
134 1 1000000010 208 32 16.860181419022485 -162.34606389616442 16.860468878598482 -162.34801630704644 -1 -1 elec satellite_3008742836
135 1 1000000010 208 32 16.88740883216895 -162.37991982021592 16.88769629174495 -162.38187251254234 -1 -1 elec satellite_3008742836
136 1 1000000010 208 32 16.85526772767232 -162.36313898967762 16.855555187248317 -162.36509134982336 -1 -1 elec satellite_3008742836
137 1 1000000010 208 32 16.85006102301772 -162.38183241164083 16.850348482593716 -162.38378471804336 -1 -1 elec satellite_3008742836
138 1 1000000010 208 32 16.8598280450255 -162.38017894842864 16.860115504601495 -162.38213135566133 -1 -1 elec satellite_3008742836
139 1 1000000010 208 32 16.861363297252122 -162.3864195549235 16.86165075682812 -162.38837197801152 -1 -1 elec satellite_3008742836
140 1 1000000010 208 32 16.86286597327437 -162.372403134872 16.863153432850368 -162.37435557348053 -1 -1 elec satellite_3008742836
142 1 1000000010 208 32 16.84084184506391 -162.38861075149532 16.841129304639907 -162.39056296278497 -1 -1 elec satellite_3008742836
143 1 1000000010 208 32 16.862315365373554 -162.36696150302365 16.86260282494955 -162.368913935945 -1 -1 elec satellite_3008742836
144 1 1000000010 208 32 16.859937773095336 -162.36875031886547 16.860225232671333 -162.3707027272313 -1 -1 elec satellite_3008742836
145 1 1000000010 208 32 16.853430833600097 -162.34749968175046 16.853718293176094 -162.34945202293375 -1 -1 elec satellite_3008742836
146 1 1000000010 208 32 16.86281695016543 -162.38334447775188 16.863104409741428 -162.38529691585404 -1 -1 elec satellite_3008742836
147 1 1000000010 208 32 16.858471014066374 -162.376755275173 16.85875847364237 -162.3787076683923 -1 -1 elec satellite_3008742836
148 1 1000000010 208 32 16.85707398238557 -162.37288292527944 16.85736144196157 -162.37483530407368 -1 -1 elec satellite_3008742836
149 1 1000000010 208 32 16.841634833123493 -162.38247834896904 16.84192229269949 -162.3844305684375 -1 -1 elec satellite_3008742836
150 1 1000000010 208 32 16.854125184233908 -162.37218224817042 16.854412643809905 -162.3741345965213 -1 -1 elec satellite_3008742836
151 1 1000000010 208 32 16.85615468782455 -162.3681981874202 16.856442147400546 -162.370150556723 -1 -1 elec satellite_3008742836
152 1 1000000010 208 32 16.856882706636934 -162.37482586675813 16.85717016621293 -162.37677824357746 -1 -1 elec satellite_3008742836
153 1 1000000010 208 32 16.84863501129306 -162.36856499755055 16.848922470869056 -162.37051728923723 -1 -1 elec satellite_3008742836
154 1 1000000010 208 32 16.857913049227783 -162.38297106137173 16.85820050880378 -162.3849234488296 -1 -1 elec satellite_3008742836
155 1 1000000010 208 32 16.858311793566713 -162.37502693305242 16.85859925314271 -162.37697932462763 -1 -1 elec satellite_3008742836
156 1 1000000010 208 32 16.859434570715955 -162.3713671770573 16.85972203029195 -162.37331958022665 -1 -1 elec satellite_3008742836
158 1 1000000010 208 32 16.857001683300414 -162.36958998666685 16.85728914287641 -162.3715423647146 -1 -1 elec satellite_3008742836
159 1 1000000010 208 32 16.85747626389276 -162.37373968473446 16.857763723468757 -162.3756920676823 -1 -1 elec satellite_3008742836
160 1 1000000010 208 32 16.85178554188453 -162.40444211954457 16.85207300146053 -162.40639444374534 -1 -1 elec satellite_3008742836
161 1 1000000010 208 32 16.890470520101996 -162.37273393081406 16.890757979677993 -162.37468665482123 -1 -1 elec satellite_3008742836
162 1 1000000010 208 32 16.85658247669444 -162.37317357566687 16.85686993627044 -162.3751259493864 -1 -1 elec satellite_3008742836
163 1 1000000010 208 32 16.880005483997568 -162.3508841808158 16.880292943573565 -162.3528367965636 -1 -1 elec satellite_3008742836
164 1 1000000010 208 32 16.86396724753367 -162.3743303050783 16.864254707109666 -162.37628275506242 -1 -1 elec satellite_3008742836
165 1 1000000010 208 32 16.849591601882466 -162.38105268152955 16.849879061458463 -162.3830049830877 -1 -1 elec satellite_3008742836
166 1 1000000010 208 32 16.84299768875553 -162.39679543663536 16.84328514833153 -162.39874767016116 -1 -1 elec satellite_3008742836
167 1 1000000010 208 32 16.860946241436476 -162.37206975171233 16.861233701012473 -162.37402217049305 -1 -1 elec satellite_3008742836
168 1 1000000010 208 32 16.855223009777255 -162.3707967310223 16.855510469353252 -162.37274909070638 -1 -1 elec satellite_3008742836
169 1 1000000010 208 32 16.84867572862319 -162.36162883786469 16.848963188199185 -162.36358112997152 -1 -1 elec satellite_3008742836
170 1 1000000010 208 32 16.84975213022936 -162.38620989102503 16.850039589805355 -162.38816219423978 -1 -1 elec satellite_3008742836
172 1 1000000010 208 32 16.862858841290013 -162.40703508090294 16.86314630086601 -162.4089875194378 -1 -1 elec satellite_3008742836
173 1 1000000010 208 32 16.86050892978192 -162.3717799022847 16.860796389357915 -162.373732316549 -1 -1 elec satellite_3008742836
174 1 1000000010 208 32 16.865486150662708 -162.3395964580121 16.865773610238705 -162.34154892368713 -1 -1 elec satellite_3008742836
175 1 1000000010 208 32 16.835425196773933 -162.3624954708002 16.83571265634993 -162.364447626235 -1 -1 elec satellite_3008742836
176 1 1000000010 208 32 16.846204068684955 -162.35804085260156 16.84649152826095 -162.3599931192052 -1 -1 elec satellite_3008742836
177 1 1000000010 208 32 16.87894055481207 -162.3749368787863 16.879228014388065 -162.37688948352186 -1 -1 elec satellite_3008742836
178 1 1000000010 208 32 16.867313452363618 -162.39947136078706 16.867600911939615 -162.40142384534104 -1 -1 elec satellite_3008742836
179 1 1000000010 208 32 16.85831305232133 -162.37221619285828 16.858600511897325 -162.3741685844465 -1 -1 elec satellite_3008742836
180 1 1000000010 208 32 16.86753258433576 -162.35685972442909 16.867820043911756 -162.3588122112472 -1 -1 elec satellite_3008742836
181 1 1000000010 208 32 16.859041863959064 -162.3691846485511 16.85932932353506 -162.37113704766514 -1 -1 elec satellite_3008742836
182 1 1000000010 208 32 16.872198339065005 -162.3864706376925 16.872485798641 -162.3884231727267 -1 -1 elec satellite_3008742836
183 1 1000000010 208 32 16.835671959400013 -162.39648664381738 16.83595941897601 -162.39843880179626 -1 -1 elec satellite_3008742836
184 1 1000000010 208 32 16.832438922991678 -162.3597618023167 16.832726382567675 -162.3617139269668 -1 -1 elec satellite_3008742836
185 1 1000000010 208 32 16.884514346114884 -162.36833052365162 16.88480180569088 -162.37028318603353 -1 -1 elec satellite_3008742836
186 1 1000000010 208 32 16.853755067821798 -162.40246743340546 16.854042527397795 -162.4044197779357 -1 -1 elec satellite_3008742836
187 1 1000000010 208 32 16.842252709170946 -162.39218142591858 16.842540168746943 -162.39413365176003 -1 -1 elec satellite_3008742836
188 1 1000000010 208 32 16.87245296108307 -162.36392695239167 16.872740420659067 -162.36587949005758 -1 -1 elec satellite_3008742836
189 1 1000000010 208 32 16.84333645312885 -162.4046332334638 16.843623912704846 -162.40658547048406 -1 -1 elec satellite_3008742836
190 1 1000000010 208 32 16.857003409980937 -162.3732432152692 16.857290869556934 -162.37519559333478 -1 -1 elec satellite_3008742836
191 1 1000000010 208 32 16.858267645095484 -162.37165396999555 16.85855510467148 -162.3736063611149 -1 -1 elec satellite_3008742836
192 1 1000000010 208 32 16.869018671586073 -162.3789348511534 16.86930613116207 -162.38088735332713 -1 -1 elec satellite_3008742836
193 1 1000000010 208 32 16.870919845833043 -162.39450361802415 16.87120730540904 -162.39645613984482 -1 -1 elec satellite_3008742836
194 1 1000000010 208 32 16.848809820885858 -162.37530837896887 16.849097280461855 -162.3772606724594 -1 -1 elec satellite_3008742836
195 1 1000000010 208 32 16.87133335873438 -162.3903412724027 16.871620818310376 -162.392293798497 -1 -1 elec satellite_3008742836
196 1 1000000010 208 32 16.86158142549713 -162.37041503216554 16.861868885073125 -162.3723674575064 -1 -1 elec satellite_3008742836
198 1 1000000010 208 32 16.883383255220153 -162.38906924350925 16.88367071479615 -162.3910218941912 -1 -1 elec satellite_3008742836
200 1 1000000010 208 32 16.872878602204405 -162.36746256857677 16.873166061780402 -162.3694151106421 -1 -1 elec satellite_3008742836
201 1 1000000010 208 32 16.871379285114642 -162.38637751199198 16.87166674469064 -162.38833003856092 -1 -1 elec satellite_3008742836
203 1 1000000010 208 32 16.861944001280797 -162.37528853056406 16.862231460856794 -162.37724095964973 -1 -1 elec satellite_3008742836
204 1 1000000010 208 32 16.850755758694056 -162.3872616223805 16.851043218270053 -162.38921393595294 -1 -1 elec satellite_3008742836
206 1 1000000010 208 32 16.844292219311743 -162.3583160734711 16.84457967888774 -162.36026832035074 -1 -1 elec satellite_3008742836
207 1 1000000010 208 32 16.863876803812868 -162.38139728323796 16.864164263388865 -162.38334973228783 -1 -1 elec satellite_3008742836
208 1 1000000010 208 32 16.844267026713275 -162.38417786825954 16.844554486289272 -162.3861301148793 -1 -1 elec satellite_3008742836
211 1 1000000010 208 32 16.873386211082007 -162.4016053205996 16.873673670658004 -162.40355786791176 -1 -1 elec satellite_3008742836
212 1 1000000010 208 32 16.852332531259183 -162.36139334538007 16.85261999083518 -162.36334567522658 -1 -1 elec satellite_3008742836
213 1 1000000010 208 32 16.84353535982739 -162.3740423212349 16.843822819403385 -162.37599456030696 -1 -1 elec satellite_3008742836
