p000001100 1 100000018 100000018 1 24.339585310123677 -137.0852778566997 -1 -1 -1
p000001101 1 100000018 100000018 2 24.33958944235508 -137.08528692687906 -1 -1 -1
p000001102 1 100000018 100000018 3 24.33959770681789 -137.08528692687906 -1 -1 -1
p000001103 1 100000018 100000018 4 24.33959770681789 -137.08528239178938 -1 -1 -1
p000001104 1 100000018 100000018 5 24.339593574586488 -137.08528239178938 -1 -1 -1
p000001105 1 100000018 100000018 6 24.33958944235508 -137.08528692687906 -1 -1 -1
p000001106 1 100000018 100000018 7 24.339593574586488 -137.08528692687906 -1 -1 -1
p000001107 1 100000018 100000018 8 24.33959770681789 -137.08528692687906 -1 -1 -1
p000001108 1 100000018 100000018 9 24.33958944235508 -137.08529146196878 -1 -1 -1
p000001109 1 100000018 100000018 10 24.33958944235508 -137.08528692687906 -1 -1 -1
p000001110 1 100000018 100000018 11 24.33958944235508 -137.08529146196878 -1 -1 -1
p000001111 1 100000018 100000018 12 24.339593574586488 -137.08529599705847 -1 -1 -1
p000001112 1 100000018 100000018 13 24.339593574586488 -137.08529599705847 -1 -1 -1
p000001113 1 100000018 100000018 14 24.33958944235508 -137.08529146196878 -1 -1 -1
p000001114 1 100000018 100000018 15 24.339601839049298 -137.08529146196878 -1 -1 -1
p000001115 1 100000018 100000018 16 24.339593574586488 -137.08529599705847 -1 -1 -1
p000001116 1 100000018 100000018 17 24.339601839049298 -137.08529599705847 -1 -1 -1
p000001117 1 100000018 100000018 18 24.339601839049298 -137.08529599705847 -1 -1 -1
p000001118 1 100000018 100000018 19 24.339601839049298 -137.08530053214815 -1 -1 -1
p000001119 1 100000018 100000018 20 24.339601839049298 -137.08530053214815 -1 -1 -1
p000001120 1 100000018 100000018 21 24.339601839049298 -137.08530053214815 -1 -1 -1
p000001121 1 100000018 100000018 22 24.3396059712807 -137.08530053214815 -1 -1 -1
p000001122 1 100000018 100000018 23 24.3396059712807 -137.08530053214815 -1 -1 -1
p000001123 1 100000018 100000018 24 24.33959770681789 -137.08530506723787 -1 -1 -1
p000001124 1 100000018 100000018 25 24.3396059712807 -137.08530506723787 -1 -1 -1
p000001125 1 100000018 100000018 26 24.3396059712807 -137.08530506723787 -1 -1 -1
p000001126 1 100000018 100000018 27 24.3396059712807 -137.08530960232756 -1 -1 -1
p000001127 1 100000018 100000018 28 24.339601839049298 -137.08530960232756 -1 -1 -1
p000001128 1 100000018 100000018 29 24.3396059712807 -137.08530960232756 -1 -1 -1
p000001129 1 100000018 100000018 30 24.3396059712807 -137.08530960232756 -1 -1 -1
p000001130 1 100000018 100000018 31 24.339601839049298 -137.08531413741724 -1 -1 -1
p000001131 1 100000018 100000018 32 24.339610103512108 -137.08531413741724 -1 -1 -1
p000001132 1 100000018 100000018 33 24.33961423574351 -137.08531413741724 -1 -1 -1
p000001133 1 100000018 100000018 34 24.33961423574351 -137.08531867250693 -1 -1 -1
p000001134 1 100000018 100000018 35 24.339610103512108 -137.08531867250693 -1 -1 -1
p000001135 1 100000018 100000018 36 24.339610103512108 -137.08531413741724 -1 -1 -1
p000001136 1 100000018 100000018 37 24.33961423574351 -137.08531867250693 -1 -1 -1
p000001137 1 100000018 100000018 38 24.3396059712807 -137.08532320759664 -1 -1 -1
p000001138 1 100000018 100000018 39 24.33961423574351 -137.08531867250693 -1 -1 -1
p000001139 1 100000018 100000018 40 24.33961423574351 -137.08531867250693 -1 -1 -1
p000001140 1 100000018 100000018 41 24.33961423574351 -137.08531867250693 -1 -1 -1
p000001141 1 100000018 100000018 42 24.33961423574351 -137.08531867250693 -1 -1 -1
p000001142 1 100000018 100000018 43 24.339618367974918 -137.08532320759664 -1 -1 -1
p000001143 1 100000018 100000018 44 24.33961423574351 -137.08532320759664 -1 -1 -1
p000001144 1 100000018 100000018 45 24.339610103512108 -137.08532320759664 -1 -1 -1
p000001145 1 100000018 100000018 46 24.33961423574351 -137.08532320759664 -1 -1 -1
p000001146 1 100000018 100000018 47 24.33961423574351 -137.08532320759664 -1 -1 -1
p000001147 1 100000018 100000018 48 24.33962250020632 -137.08532774268633 -1 -1 -1
p000001148 1 100000018 100000018 49 24.339610103512108 -137.08532774268633 -1 -1 -1
p000001149 1 100000018 100000018 50 24.339618367974918 -137.08532774268633 -1 -1 -1
p000001150 1 100000018 100000018 51 24.339618367974918 -137.08532774268633 -1 -1 -1
p000001151 1 100000018 100000018 52 24.339626632437728 -137.08533227777602 -1 -1 -1
p000001152 1 100000018 100000018 53 24.33962250020632 -137.0853368128657 -1 -1 -1
p000001153 1 100000018 100000018 54 24.339618367974918 -137.08532774268633 -1 -1 -1
p000001154 1 100000018 100000018 55 24.339618367974918 -137.0853368128657 -1 -1 -1
p000001155 1 100000018 100000018 56 24.339618367974918 -137.0853368128657 -1 -1 -1
p000001156 1 100000018 100000018 57 24.33962250020632 -137.08533227777602 -1 -1 -1
p000001157 1 100000018 100000018 58 24.33962250020632 -137.08533227777602 -1 -1 -1
p000001158 1 100000018 100000018 59 24.339626632437728 -137.08533227777602 -1 -1 -1
p000001159 1 100000018 100000018 60 24.33962250020632 -137.0853368128657 -1 -1 -1
p000001160 1 100000018 100000018 61 24.339626632437728 -137.0853368128657 -1 -1 -1
p000001161 1 100000018 100000018 62 24.33962250020632 -137.0853368128657 -1 -1 -1
p000001162 1 100000018 100000018 63 24.339618367974918 -137.0853368128657 -1 -1 -1
p000001163 1 100000018 100000018 64 24.33963076466913 -137.0853368128657 -1 -1 -1
p000001164 1 100000018 100000018 65 24.33962250020632 -137.0853368128657 -1 -1 -1
p000001165 1 100000018 100000018 66 24.339626632437728 -137.08534134795542 -1 -1 -1
p000001166 1 100000018 100000018 67 24.339626632437728 -137.0853368128657 -1 -1 -1
p000001167 1 100000018 100000018 68 24.339626632437728 -137.08534134795542 -1 -1 -1
p000001168 1 100000018 100000018 69 24.339626632437728 -137.08534134795542 -1 -1 -1
p000001169 1 100000018 100000018 70 24.33963076466913 -137.08534134795542 -1 -1 -1
p000001170 1 100000018 100000018 71 24.33962250020632 -137.08534134795542 -1 -1 -1
p000001171 1 100000018 100000018 72 24.339626632437728 -137.08534134795542 -1 -1 -1
p000001172 1 100000018 100000018 73 24.339626632437728 -137.08534134795542 -1 -1 -1
p000001173 1 100000018 100000018 74 24.33963076466913 -137.0853458830451 -1 -1 -1
p000001174 1 100000018 100000018 75 24.33963076466913 -137.0853458830451 -1 -1 -1
p000001175 1 100000018 100000018 76 24.33963076466913 -137.0853458830451 -1 -1 -1
p000001176 1 100000018 100000018 77 24.33963076466913 -137.0853504181348 -1 -1 -1
p000001177 1 100000018 100000018 78 24.33963076466913 -137.0853458830451 -1 -1 -1
p000001178 1 100000018 100000018 79 24.339634896900538 -137.0853458830451 -1 -1 -1
p000001179 1 100000018 100000018 80 24.33963902913194 -137.0853504181348 -1 -1 -1
p000001180 1 100000018 100000018 81 24.33963902913194 -137.0853504181348 -1 -1 -1
p000001181 1 100000018 100000018 82 24.339626632437728 -137.0853549532245 -1 -1 -1
p000001182 1 100000018 100000018 83 24.33963076466913 -137.0853504181348 -1 -1 -1
p000001183 1 100000018 100000018 84 24.339634896900538 -137.0853549532245 -1 -1 -1
p000001184 1 100000018 100000018 85 24.339634896900538 -137.0853549532245 -1 -1 -1
p000001185 1 100000018 100000018 86 24.339634896900538 -137.0853594883142 -1 -1 -1
p000001186 1 100000018 100000018 87 24.33963902913194 -137.0853594883142 -1 -1 -1
p000001187 1 100000018 100000018 88 24.33963902913194 -137.0853549532245 -1 -1 -1
p000001188 1 100000018 100000018 89 24.339634896900538 -137.0853594883142 -1 -1 -1
p000001189 1 100000018 100000018 90 24.339643161363348 -137.0853549532245 -1 -1 -1
p000001190 1 100000018 100000018 91 24.33963902913194 -137.0853594883142 -1 -1 -1
p000001191 1 100000018 100000018 92 24.33963902913194 -137.08536402340388 -1 -1 -1
p000001192 1 100000018 100000018 93 24.33964729359475 -137.0853594883142 -1 -1 -1
p000001193 1 100000018 100000018 94 24.33963902913194 -137.08536402340388 -1 -1 -1
p000001194 1 100000018 100000018 95 24.339643161363348 -137.08536855849357 -1 -1 -1
p000001195 1 100000018 100000018 96 24.33963902913194 -137.08536855849357 -1 -1 -1
p000001196 1 100000018 100000018 97 24.339643161363348 -137.08536855849357 -1 -1 -1
p000001197 1 100000018 100000018 98 24.339643161363348 -137.08536855849357 -1 -1 -1
p000001198 1 100000018 100000018 99 24.33964729359475 -137.08536855849357 -1 -1 -1
p000001199 1 100000018 100000018 100 24.33963902913194 -137.08536855849357 -1 -1 -1
p000001200 1 100000018 100000018 101 24.33964729359475 -137.08536855849357 -1 -1 -1
p000001201 1 100000018 100000018 102 24.33964729359475 -137.08536855849357 -1 -1 -1
p000001202 1 100000018 100000018 103 24.33963902913194 -137.08536855849357 -1 -1 -1
p000001203 1 100000018 100000018 104 24.33964729359475 -137.08536855849357 -1 -1 -1
p000001204 1 100000018 100000018 105 24.33964729359475 -137.08536855849357 -1 -1 -1
p000001205 1 100000018 100000018 106 24.339643161363348 -137.08536855849357 -1 -1 -1
p000001206 1 100000018 100000018 107 24.33963902913194 -137.08536855849357 -1 -1 -1
p000001207 1 100000018 100000018 108 24.33965142582616 -137.08537309358329 -1 -1 -1
p000001208 1 100000018 100000018 109 24.33964729359475 -137.08537762867297 -1 -1 -1
p000001209 1 100000018 100000018 110 24.339643161363348 -137.08537309358329 -1 -1 -1
p000001210 1 100000018 100000018 111 24.33964729359475 -137.08537309358329 -1 -1 -1
p000001211 1 100000018 100000018 112 24.33965142582616 -137.08537762867297 -1 -1 -1
p000001212 1 100000018 100000018 113 24.33964729359475 -137.08537762867297 -1 -1 -1
p000001213 1 100000018 100000018 114 24.33965142582616 -137.08537762867297 -1 -1 -1
p000001214 1 100000018 100000018 115 24.33964729359475 -137.08537309358329 -1 -1 -1
p000001215 1 100000018 100000018 116 24.339634896900538 -137.08538216376266 -1 -1 -1
p000001216 1 100000018 100000018 117 24.33965142582616 -137.08537762867297 -1 -1 -1
p000001217 1 100000018 100000018 118 24.33965142582616 -137.08538216376266 -1 -1 -1
p000001218 1 100000018 100000018 119 24.33965142582616 -137.08538216376266 -1 -1 -1
p000001219 1 100000018 100000018 120 24.33965555805756 -137.08538216376266 -1 -1 -1
p000001220 1 100000018 100000018 121 24.33965969028897 -137.08538216376266 -1 -1 -1
p000001221 1 100000018 100000018 122 24.33965555805756 -137.08538216376266 -1 -1 -1
p000001222 1 100000018 100000018 123 24.33965969028897 -137.08538669885237 -1 -1 -1
p000001223 1 100000018 100000018 124 24.33965969028897 -137.08538669885237 -1 -1 -1
p000001224 1 100000018 100000018 125 24.33965969028897 -137.08538669885237 -1 -1 -1
p000001225 1 100000018 100000018 126 24.33966382252037 -137.08538669885237 -1 -1 -1
p000001226 1 100000018 100000018 127 24.33965969028897 -137.08539123394206 -1 -1 -1
p000001227 1 100000018 100000018 128 24.33966382252037 -137.08539123394206 -1 -1 -1
p000001228 1 100000018 100000018 129 24.33966382252037 -137.08539123394206 -1 -1 -1
p000001229 1 100000018 100000018 130 24.33966382252037 -137.08538669885237 -1 -1 -1
p000001230 1 100000018 100000018 131 24.33966382252037 -137.08539123394206 -1 -1 -1
p000001231 1 100000018 100000018 132 24.33966382252037 -137.08539123394206 -1 -1 -1
p000001232 1 100000018 100000018 133 24.339667954751775 -137.08539123394206 -1 -1 -1
p000001233 1 100000018 100000018 134 24.339667954751775 -137.08539123394206 -1 -1 -1
p000001234 1 100000018 100000018 135 24.33966382252037 -137.08539576903175 -1 -1 -1
p000001235 1 100000018 100000018 136 24.339667954751775 -137.08539576903175 -1 -1 -1
p000001236 1 100000018 100000018 137 24.339667954751775 -137.08539576903175 -1 -1 -1
p000001237 1 100000018 100000018 138 24.339667954751775 -137.08540030412144 -1 -1 -1
p000001238 1 100000018 100000018 139 24.33966382252037 -137.08539576903175 -1 -1 -1
p000001239 1 100000018 100000018 140 24.339667954751775 -137.08539576903175 -1 -1 -1
p000001240 1 100000018 100000018 141 24.339667954751775 -137.08540030412144 -1 -1 -1
p000001241 1 100000018 100000018 142 24.33967208698318 -137.08540030412144 -1 -1 -1
p000001242 1 100000018 100000018 143 24.339667954751775 -137.08540030412144 -1 -1 -1
p000001243 1 100000018 100000018 144 24.339667954751775 -137.08540030412144 -1 -1 -1
p000001244 1 100000018 100000018 145 24.33967208698318 -137.08539576903175 -1 -1 -1
p000001245 1 100000018 100000018 146 24.33967208698318 -137.08540030412144 -1 -1 -1
p000001246 1 100000018 100000018 147 24.33967208698318 -137.08540483921115 -1 -1 -1
p000001247 1 100000018 100000018 148 24.339676219214585 -137.08540483921115 -1 -1 -1
p000001248 1 100000018 100000018 149 24.339676219214585 -137.08540483921115 -1 -1 -1
p000001249 1 100000018 100000018 150 24.339676219214585 -137.08540483921115 -1 -1 -1
p000001250 1 100000018 100000018 151 24.339680351445992 -137.08540483921115 -1 -1 -1
p000001251 1 100000018 100000018 152 24.339676219214585 -137.08540483921115 -1 -1 -1
p000001252 1 100000018 100000018 153 24.33967208698318 -137.08540937430084 -1 -1 -1
p000001253 1 100000018 100000018 154 24.339676219214585 -137.08540483921115 -1 -1 -1
p000001254 1 100000018 100000018 155 24.339676219214585 -137.08540483921115 -1 -1 -1
p000001255 1 100000018 100000018 156 24.339676219214585 -137.08540937430084 -1 -1 -1
p000001256 1 100000018 100000018 157 24.339676219214585 -137.08540483921115 -1 -1 -1
p000001257 1 100000018 100000018 158 24.339676219214585 -137.08540937430084 -1 -1 -1
p000001258 1 100000018 100000018 159 24.339676219214585 -137.08540937430084 -1 -1 -1
p000001259 1 100000018 100000018 160 24.339684483677395 -137.08540937430084 -1 -1 -1
p000001260 1 100000018 100000018 161 24.339680351445992 -137.08540937430084 -1 -1 -1
p000001261 1 100000018 100000018 162 24.339680351445992 -137.08541390939052 -1 -1 -1
p000001262 1 100000018 100000018 163 24.339692748140205 -137.0854184444802 -1 -1 -1
p000001263 1 100000018 100000018 164 24.339684483677395 -137.08541390939052 -1 -1 -1
p000001264 1 100000018 100000018 165 24.339684483677395 -137.08541390939052 -1 -1 -1
p000001265 1 100000018 100000018 166 24.339684483677395 -137.08541390939052 -1 -1 -1
p000001266 1 100000018 100000018 167 24.339688615908802 -137.0854184444802 -1 -1 -1
p000001267 1 100000018 100000018 168 24.339688615908802 -137.08541390939052 -1 -1 -1
p000001268 1 100000018 100000018 169 24.339688615908802 -137.0854184444802 -1 -1 -1
p000001269 1 100000018 100000018 170 24.339684483677395 -137.0854184444802 -1 -1 -1
p000001270 1 100000018 100000018 171 24.339688615908802 -137.08542297956993 -1 -1 -1
p000001271 1 100000018 100000018 172 24.339688615908802 -137.08542297956993 -1 -1 -1
p000001272 1 100000018 100000018 173 24.339692748140205 -137.0854184444802 -1 -1 -1
p000001273 1 100000018 100000018 174 24.339688615908802 -137.08542297956993 -1 -1 -1
p000001274 1 100000018 100000018 175 24.339692748140205 -137.08542297956993 -1 -1 -1
p000001275 1 100000018 100000018 176 24.339696880371612 -137.0854275146596 -1 -1 -1
p000001276 1 100000018 100000018 177 24.339692748140205 -137.08542297956993 -1 -1 -1
p000001277 1 100000018 100000018 178 24.339696880371612 -137.0854275146596 -1 -1 -1
p000001278 1 100000018 100000018 179 24.339692748140205 -137.0854275146596 -1 -1 -1
p000001279 1 100000018 100000018 180 24.339692748140205 -137.0854320497493 -1 -1 -1
p000001280 1 100000018 100000018 181 24.339692748140205 -137.0854320497493 -1 -1 -1
p000001281 1 100000018 100000018 182 24.339696880371612 -137.0854275146596 -1 -1 -1
p000001282 1 100000018 100000018 183 24.339692748140205 -137.0854275146596 -1 -1 -1
p000001283 1 100000018 100000018 184 24.339696880371612 -137.0854320497493 -1 -1 -1
p000001284 1 100000018 100000018 185 24.339692748140205 -137.0854320497493 -1 -1 -1
p000001285 1 100000018 100000018 186 24.339692748140205 -137.0854320497493 -1 -1 -1
p000001286 1 100000018 100000018 187 24.339696880371612 -137.08543658483902 -1 -1 -1
p000001287 1 100000018 100000018 188 24.339696880371612 -137.08543658483902 -1 -1 -1
p000001288 1 100000018 100000018 189 24.339696880371612 -137.0854320497493 -1 -1 -1
p000001289 1 100000018 100000018 190 24.339701012603015 -137.08543658483902 -1 -1 -1
p000001290 1 100000018 100000018 191 24.339696880371612 -137.08543658483902 -1 -1 -1
p000001291 1 100000018 100000018 192 24.339696880371612 -137.0854411199287 -1 -1 -1
p000001292 1 100000018 100000018 193 24.339701012603015 -137.0854411199287 -1 -1 -1
p000001293 1 100000018 100000018 194 24.339701012603015 -137.0854411199287 -1 -1 -1
p000001294 1 100000018 100000018 195 24.339701012603015 -137.0854411199287 -1 -1 -1
p000001295 1 100000018 100000018 196 24.339701012603015 -137.0854411199287 -1 -1 -1
p000001296 1 100000018 100000018 197 24.339696880371612 -137.0854411199287 -1 -1 -1
p000001297 1 100000018 100000018 198 24.339701012603015 -137.0854456550184 -1 -1 -1
p000001298 1 100000018 100000018 199 24.339701012603015 -137.0854411199287 -1 -1 -1
p000001299 1 100000018 100000018 200 24.339696880371612 -137.0854411199287 -1 -1 -1
