p000000300 1 100000009 100000009 1 4.637867836676793 -175.4077496206008 -1 -1 -1
p000000301 1 100000009 100000009 2 4.637867836676793 -175.40773718332204 -1 -1 -1
p000000302 1 100000009 100000009 3 4.637867836676793 -175.40773718332204 -1 -1 -1
p000000303 1 100000009 100000009 4 4.637871968908198 -175.40773303756242 -1 -1 -1
p000000304 1 100000009 100000009 5 4.637871968908198 -175.40772889180283 -1 -1 -1
p000000305 1 100000009 100000009 6 4.637871968908198 -175.40772474604324 -1 -1 -1
p000000306 1 100000009 100000009 7 4.637876101139603 -175.40772060028362 -1 -1 -1
p000000307 1 100000009 100000009 8 4.637876101139603 -175.40771230876445 -1 -1 -1
p000000308 1 100000009 100000009 9 4.637876101139603 -175.40771230876445 -1 -1 -1
p000000309 1 100000009 100000009 10 4.637888497833818 -175.40771230876445 -1 -1 -1
p000000310 1 100000009 100000009 11 4.637888497833818 -175.40769987148565 -1 -1 -1
p000000311 1 100000009 100000009 12 4.637888497833818 -175.40769572572606 -1 -1 -1
p000000312 1 100000009 100000009 13 4.637892630065223 -175.40768743420685 -1 -1 -1
p000000313 1 100000009 100000009 14 4.637888497833818 -175.40768328844726 -1 -1 -1
p000000314 1 100000009 100000009 15 4.637892630065223 -175.40768328844726 -1 -1 -1
p000000315 1 100000009 100000009 16 4.637892630065223 -175.40767499692805 -1 -1 -1
p000000316 1 100000009 100000009 17 4.637896762296628 -175.40767085116846 -1 -1 -1
p000000317 1 100000009 100000009 18 4.637900894528033 -175.40767499692805 -1 -1 -1
p000000318 1 100000009 100000009 19 4.637900894528033 -175.40766670540887 -1 -1 -1
p000000319 1 100000009 100000009 20 4.637900894528033 -175.40765426813007 -1 -1 -1
p000000320 1 100000009 100000009 21 4.637909158990842 -175.40765012237048 -1 -1 -1
p000000321 1 100000009 100000009 22 4.637909158990842 -175.40764597661087 -1 -1 -1
p000000322 1 100000009 100000009 23 4.637913291222247 -175.40764597661087 -1 -1 -1
p000000323 1 100000009 100000009 24 4.637913291222247 -175.40764183085128 -1 -1 -1
p000000324 1 100000009 100000009 25 4.637917423453652 -175.4076376850917 -1 -1 -1
p000000325 1 100000009 100000009 26 4.637917423453652 -175.4076335393321 -1 -1 -1
p000000326 1 100000009 100000009 27 4.6379215556850575 -175.4076252478129 -1 -1 -1
p000000327 1 100000009 100000009 28 4.6379256879164625 -175.4076211020533 -1 -1 -1
p000000328 1 100000009 100000009 29 4.6379215556850575 -175.4076211020533 -1 -1 -1
p000000329 1 100000009 100000009 30 4.637929820147868 -175.4076128105341 -1 -1 -1
p000000330 1 100000009 100000009 31 4.6379256879164625 -175.4076086647745 -1 -1 -1
p000000331 1 100000009 100000009 32 4.6379256879164625 -175.4076045190149 -1 -1 -1
p000000332 1 100000009 100000009 33 4.637929820147868 -175.4076003732553 -1 -1 -1
p000000333 1 100000009 100000009 34 4.637929820147868 -175.4075962274957 -1 -1 -1
p000000334 1 100000009 100000009 35 4.637933952379273 -175.4075962274957 -1 -1 -1
p000000335 1 100000009 100000009 36 4.637938084610678 -175.40758793597652 -1 -1 -1
p000000336 1 100000009 100000009 37 4.637938084610678 -175.4075837902169 -1 -1 -1
p000000337 1 100000009 100000009 38 4.637942216842082 -175.40757964445731 -1 -1 -1
p000000338 1 100000009 100000009 39 4.637942216842082 -175.40757549869772 -1 -1 -1
p000000339 1 100000009 100000009 40 4.637946349073487 -175.4075713529381 -1 -1 -1
p000000340 1 100000009 100000009 41 4.637950481304892 -175.40756306141893 -1 -1 -1
p000000341 1 100000009 100000009 42 4.637954613536297 -175.40756306141893 -1 -1 -1
p000000342 1 100000009 100000009 43 4.637954613536297 -175.40755891565934 -1 -1 -1
p000000343 1 100000009 100000009 44 4.637958745767702 -175.40755476989972 -1 -1 -1
p000000344 1 100000009 100000009 45 4.637962877999107 -175.40755062414013 -1 -1 -1
p000000345 1 100000009 100000009 46 4.637967010230512 -175.40754647838054 -1 -1 -1
p000000346 1 100000009 100000009 47 4.637967010230512 -175.40754233262092 -1 -1 -1
p000000347 1 100000009 100000009 48 4.637967010230512 -175.40753818686133 -1 -1 -1
p000000348 1 100000009 100000009 49 4.637971142461917 -175.40753404110174 -1 -1 -1
p000000349 1 100000009 100000009 50 4.637975274693322 -175.40752989534215 -1 -1 -1
p000000350 1 100000009 100000009 51 4.637975274693322 -175.40752160382294 -1 -1 -1
p000000351 1 100000009 100000009 52 4.637975274693322 -175.40752160382294 -1 -1 -1
p000000352 1 100000009 100000009 53 4.637975274693322 -175.40751331230373 -1 -1 -1
p000000353 1 100000009 100000009 54 4.637975274693322 -175.40750502078455 -1 -1 -1
p000000354 1 100000009 100000009 55 4.637979406924727 -175.40750087502497 -1 -1 -1
p000000355 1 100000009 100000009 56 4.637979406924727 -175.40750087502497 -1 -1 -1
p000000356 1 100000009 100000009 57 4.6379835391561315 -175.40749258350576 -1 -1 -1
p000000357 1 100000009 100000009 58 4.6379835391561315 -175.40748843774617 -1 -1 -1
p000000358 1 100000009 100000009 59 4.6379876713875365 -175.40748429198658 -1 -1 -1
p000000359 1 100000009 100000009 60 4.6379876713875365 -175.40748014622696 -1 -1 -1
p000000360 1 100000009 100000009 61 4.6379876713875365 -175.40748014622696 -1 -1 -1
p000000361 1 100000009 100000009 62 4.637991803618942 -175.40746770894816 -1 -1 -1
p000000362 1 100000009 100000009 63 4.637991803618942 -175.40746356318857 -1 -1 -1
p000000363 1 100000009 100000009 64 4.638000068081752 -175.40745941742898 -1 -1 -1
p000000364 1 100000009 100000009 65 4.637995935850347 -175.4074552716694 -1 -1 -1
p000000365 1 100000009 100000009 66 4.638000068081752 -175.40745112590977 -1 -1 -1
p000000366 1 100000009 100000009 67 4.638004200313157 -175.4074428343906 -1 -1 -1
p000000367 1 100000009 100000009 68 4.638004200313157 -175.4074428343906 -1 -1 -1
p000000368 1 100000009 100000009 69 4.638008332544562 -175.40743868863098 -1 -1 -1
p000000369 1 100000009 100000009 70 4.638012464775967 -175.4074303971118 -1 -1 -1
p000000370 1 100000009 100000009 71 4.638012464775967 -175.4074262513522 -1 -1 -1
p000000371 1 100000009 100000009 72 4.638016597007372 -175.4074262513522 -1 -1 -1
p000000372 1 100000009 100000009 73 4.638016597007372 -175.407417959833 -1 -1 -1
p000000373 1 100000009 100000009 74 4.638020729238776 -175.4074138140734 -1 -1 -1
p000000374 1 100000009 100000009 75 4.638024861470181 -175.40740966831382 -1 -1 -1
p000000375 1 100000009 100000009 76 4.638024861470181 -175.40740966831382 -1 -1 -1
p000000376 1 100000009 100000009 77 4.638028993701586 -175.4074055225542 -1 -1 -1
p000000377 1 100000009 100000009 78 4.638028993701586 -175.40739723103502 -1 -1 -1
p000000378 1 100000009 100000009 79 4.638033125932991 -175.4073930852754 -1 -1 -1
p000000379 1 100000009 100000009 80 4.638033125932991 -175.4073889395158 -1 -1 -1
p000000380 1 100000009 100000009 81 4.638037258164396 -175.40738479375622 -1 -1 -1
p000000381 1 100000009 100000009 82 4.638037258164396 -175.407376502237 -1 -1 -1
p000000382 1 100000009 100000009 83 4.638041390395801 -175.407376502237 -1 -1 -1
p000000383 1 100000009 100000009 84 4.638045522627206 -175.40737235647742 -1 -1 -1
p000000384 1 100000009 100000009 85 4.638049654858611 -175.40736821071783 -1 -1 -1
p000000385 1 100000009 100000009 86 4.6380537870900165 -175.40735991919863 -1 -1 -1
p000000386 1 100000009 100000009 87 4.6380537870900165 -175.40735991919863 -1 -1 -1
p000000387 1 100000009 100000009 88 4.6380579193214215 -175.40735162767945 -1 -1 -1
p000000388 1 100000009 100000009 89 4.638062051552826 -175.40735162767945 -1 -1 -1
p000000389 1 100000009 100000009 90 4.6380579193214215 -175.40734748191983 -1 -1 -1
p000000390 1 100000009 100000009 91 4.638066183784231 -175.40733919040065 -1 -1 -1
p000000391 1 100000009 100000009 92 4.638062051552826 -175.40733504464103 -1 -1 -1
p000000392 1 100000009 100000009 93 4.638070316015636 -175.40733089888144 -1 -1 -1
p000000393 1 100000009 100000009 94 4.638074448247041 -175.40732675312185 -1 -1 -1
p000000394 1 100000009 100000009 95 4.638074448247041 -175.40732675312185 -1 -1 -1
p000000395 1 100000009 100000009 96 4.638074448247041 -175.40731431584305 -1 -1 -1
p000000396 1 100000009 100000009 97 4.638074448247041 -175.40731431584305 -1 -1 -1
p000000397 1 100000009 100000009 98 4.638078580478446 -175.40731017008346 -1 -1 -1
p000000398 1 100000009 100000009 99 4.638078580478446 -175.40730187856425 -1 -1 -1
p000000399 1 100000009 100000009 100 4.638078580478446 -175.40730187856425 -1 -1 -1
p000000400 1 100000009 100000009 101 4.638090977172661 -175.40729358704507 -1 -1 -1
p000000401 1 100000009 100000009 102 4.638090977172661 -175.40728944128546 -1 -1 -1
p000000402 1 100000009 100000009 103 4.638090977172661 -175.40728529552587 -1 -1 -1
p000000403 1 100000009 100000009 104 4.638095109404066 -175.40728114976628 -1 -1 -1
p000000404 1 100000009 100000009 105 4.638095109404066 -175.4072770040067 -1 -1 -1
p000000405 1 100000009 100000009 106 4.63809924163547 -175.40727285824707 -1 -1 -1
p000000406 1 100000009 100000009 107 4.638103373866875 -175.40726871248748 -1 -1 -1
p000000407 1 100000009 100000009 108 4.638103373866875 -175.4072645667279 -1 -1 -1
p000000408 1 100000009 100000009 109 4.638103373866875 -175.40726042096827 -1 -1 -1
p000000409 1 100000009 100000009 110 4.638111638329685 -175.4072521294491 -1 -1 -1
p000000410 1 100000009 100000009 111 4.638111638329685 -175.4072479836895 -1 -1 -1
p000000411 1 100000009 100000009 112 4.6381157705610905 -175.40724383792988 -1 -1 -1
p000000412 1 100000009 100000009 113 4.6381157705610905 -175.40724383792988 -1 -1 -1
p000000413 1 100000009 100000009 114 4.6381199027924955 -175.4072396921703 -1 -1 -1
p000000414 1 100000009 100000009 115 4.638124035023901 -175.4072314006511 -1 -1 -1
p000000415 1 100000009 100000009 116 4.638128167255306 -175.4072272548915 -1 -1 -1
p000000416 1 100000009 100000009 117 4.638132299486711 -175.4072272548915 -1 -1 -1
p000000417 1 100000009 100000009 118 4.638132299486711 -175.40721896337232 -1 -1 -1
p000000418 1 100000009 100000009 119 4.638136431718116 -175.4072148176127 -1 -1 -1
p000000419 1 100000009 100000009 120 4.638136431718116 -175.40720652609352 -1 -1 -1
p000000420 1 100000009 100000009 121 4.638136431718116 -175.40720652609352 -1 -1 -1
p000000421 1 100000009 100000009 122 4.638144696180925 -175.40720652609352 -1 -1 -1
p000000422 1 100000009 100000009 123 4.638144696180925 -175.40720238033393 -1 -1 -1
p000000423 1 100000009 100000009 124 4.638144696180925 -175.40719408881472 -1 -1 -1
p000000424 1 100000009 100000009 125 4.63814882841233 -175.4071857972955 -1 -1 -1
p000000425 1 100000009 100000009 126 4.638152960643735 -175.40718165153592 -1 -1 -1
p000000426 1 100000009 100000009 127 4.638152960643735 -175.40717336001674 -1 -1 -1
p000000427 1 100000009 100000009 128 4.63815709287514 -175.40716921425712 -1 -1 -1
p000000428 1 100000009 100000009 129 4.63815709287514 -175.40716921425712 -1 -1 -1
p000000429 1 100000009 100000009 130 4.63815709287514 -175.40716092273794 -1 -1 -1
p000000430 1 100000009 100000009 131 4.63815709287514 -175.40716092273794 -1 -1 -1
p000000431 1 100000009 100000009 132 4.63815709287514 -175.40715263121874 -1 -1 -1
p000000432 1 100000009 100000009 133 4.638161225106545 -175.40714848545915 -1 -1 -1
p000000433 1 100000009 100000009 134 4.63816535733795 -175.40714433969956 -1 -1 -1
p000000434 1 100000009 100000009 135 4.638169489569355 -175.40713604818035 -1 -1 -1
p000000435 1 100000009 100000009 136 4.63817362180076 -175.40713604818035 -1 -1 -1
p000000436 1 100000009 100000009 137 4.638169489569355 -175.40712775666117 -1 -1 -1
p000000437 1 100000009 100000009 138 4.63817362180076 -175.40712361090155 -1 -1 -1
p000000438 1 100000009 100000009 139 4.6381818862635695 -175.40712361090155 -1 -1 -1
p000000439 1 100000009 100000009 140 4.6381818862635695 -175.40711946514196 -1 -1 -1
p000000440 1 100000009 100000009 141 4.63819015072638 -175.40711117362275 -1 -1 -1
p000000441 1 100000009 100000009 142 4.63819015072638 -175.40711117362275 -1 -1 -1
p000000442 1 100000009 100000009 143 4.63819015072638 -175.40710702786316 -1 -1 -1
p000000443 1 100000009 100000009 144 4.638194282957785 -175.40709873634398 -1 -1 -1
p000000444 1 100000009 100000009 145 4.63819015072638 -175.40709459058436 -1 -1 -1
p000000445 1 100000009 100000009 146 4.63819015072638 -175.40708629906518 -1 -1 -1
p000000446 1 100000009 100000009 147 4.638194282957785 -175.40708215330557 -1 -1 -1
p000000447 1 100000009 100000009 148 4.638194282957785 -175.40708215330557 -1 -1 -1
p000000448 1 100000009 100000009 149 4.63819841518919 -175.40707800754598 -1 -1 -1
p000000449 1 100000009 100000009 150 4.638202547420595 -175.4070738617864 -1 -1 -1
p000000450 1 100000009 100000009 151 4.638202547420595 -175.40706557026718 -1 -1 -1
p000000451 1 100000009 100000009 152 4.638202547420595 -175.40706557026718 -1 -1 -1
p000000452 1 100000009 100000009 153 4.638206679652 -175.407057278748 -1 -1 -1
p000000453 1 100000009 100000009 154 4.638210811883405 -175.4070531329884 -1 -1 -1
p000000454 1 100000009 100000009 155 4.63821494411481 -175.4070489872288 -1 -1 -1
p000000455 1 100000009 100000009 156 4.63821494411481 -175.4070448414692 -1 -1 -1
p000000456 1 100000009 100000009 157 4.638219076346214 -175.4070406957096 -1 -1 -1
p000000457 1 100000009 100000009 158 4.638219076346214 -175.40703654995 -1 -1 -1
p000000458 1 100000009 100000009 159 4.638223208577619 -175.4070324041904 -1 -1 -1
p000000459 1 100000009 100000009 160 4.638223208577619 -175.4070282584308 -1 -1 -1
p000000460 1 100000009 100000009 161 4.638227340809024 -175.4070199669116 -1 -1 -1
p000000461 1 100000009 100000009 162 4.638227340809024 -175.40702411267122 -1 -1 -1
p000000462 1 100000009 100000009 163 4.638231473040429 -175.40701582115202 -1 -1 -1
p000000463 1 100000009 100000009 164 4.638235605271834 -175.40701167539243 -1 -1 -1
p000000464 1 100000009 100000009 165 4.638235605271834 -175.40701167539243 -1 -1 -1
p000000465 1 100000009 100000009 166 4.638239737503239 -175.40700338387322 -1 -1 -1
p000000466 1 100000009 100000009 167 4.638239737503239 -175.40699509235404 -1 -1 -1
p000000467 1 100000009 100000009 168 4.6382480019660495 -175.40699509235404 -1 -1 -1
p000000468 1 100000009 100000009 169 4.638243869734644 -175.40699094659442 -1 -1 -1
p000000469 1 100000009 100000009 170 4.638239737503239 -175.40698680083483 -1 -1 -1
p000000470 1 100000009 100000009 171 4.638239737503239 -175.40697436355603 -1 -1 -1
p000000471 1 100000009 100000009 172 4.638239737503239 -175.40697850931562 -1 -1 -1
p000000472 1 100000009 100000009 173 4.638243869734644 -175.40697436355603 -1 -1 -1
p000000473 1 100000009 100000009 174 4.6382521341974545 -175.40697436355603 -1 -1 -1
p000000474 1 100000009 100000009 175 4.6382521341974545 -175.40696607203685 -1 -1 -1
p000000475 1 100000009 100000009 176 4.63825626642886 -175.40695778051764 -1 -1 -1
p000000476 1 100000009 100000009 177 4.6382521341974545 -175.40696192627723 -1 -1 -1
p000000477 1 100000009 100000009 178 4.63825626642886 -175.40694534323885 -1 -1 -1
p000000478 1 100000009 100000009 179 4.63825626642886 -175.40694534323885 -1 -1 -1
p000000479 1 100000009 100000009 180 4.638260398660264 -175.40693705171967 -1 -1 -1
p000000480 1 100000009 100000009 181 4.638260398660264 -175.40693705171967 -1 -1 -1
p000000481 1 100000009 100000009 182 4.638264530891669 -175.40692876020046 -1 -1 -1
p000000482 1 100000009 100000009 183 4.638264530891669 -175.40692461444087 -1 -1 -1
p000000483 1 100000009 100000009 184 4.638264530891669 -175.40692046868128 -1 -1 -1
p000000484 1 100000009 100000009 185 4.638268663123074 -175.40691217716207 -1 -1 -1
p000000485 1 100000009 100000009 186 4.638272795354479 -175.40690803140248 -1 -1 -1
p000000486 1 100000009 100000009 187 4.638276927585884 -175.40690803140248 -1 -1 -1
p000000487 1 100000009 100000009 188 4.638268663123074 -175.40690388564286 -1 -1 -1
p000000488 1 100000009 100000009 189 4.638272795354479 -175.40689973988327 -1 -1 -1
p000000489 1 100000009 100000009 190 4.638272795354479 -175.40689559412368 -1 -1 -1
p000000490 1 100000009 100000009 191 4.638281059817289 -175.4068914483641 -1 -1 -1
p000000491 1 100000009 100000009 192 4.638281059817289 -175.40688730260447 -1 -1 -1
p000000492 1 100000009 100000009 193 4.638276927585884 -175.4068790110853 -1 -1 -1
p000000493 1 100000009 100000009 194 4.638281059817289 -175.4068748653257 -1 -1 -1
p000000494 1 100000009 100000009 195 4.638281059817289 -175.4068707195661 -1 -1 -1
p000000495 1 100000009 100000009 196 4.638285192048694 -175.4068707195661 -1 -1 -1
p000000496 1 100000009 100000009 197 4.638289324280099 -175.4068707195661 -1 -1 -1
p000000497 1 100000009 100000009 198 4.638285192048694 -175.4068582822873 -1 -1 -1
p000000498 1 100000009 100000009 199 4.638289324280099 -175.4068541365277 -1 -1 -1
p000000499 1 100000009 100000009 200 4.638289324280099 -175.4068499907681 -1 -1 -1
