p000000000 1 100000008 100000008 1 32.15789108454836 -143.04785663033394 -1 -1 -1
p000000001 1 100000008 100000008 2 32.157899349011174 -143.04784686908042 -1 -1 -1
p000000002 1 100000008 100000008 3 32.157899349011174 -143.04784198845365 -1 -1 -1
p000000003 1 100000008 100000008 4 32.157899349011174 -143.0478371078269 -1 -1 -1
p000000004 1 100000008 100000008 5 32.15790348124258 -143.04783222720013 -1 -1 -1
p000000005 1 100000008 100000008 6 32.15790761347398 -143.04782734657337 -1 -1 -1
p000000006 1 100000008 100000008 7 32.15790761347398 -143.04782246594664 -1 -1 -1
p000000007 1 100000008 100000008 8 32.15791174570539 -143.04781758531988 -1 -1 -1
p000000008 1 100000008 100000008 9 32.157915877936794 -143.04781270469311 -1 -1 -1
p000000009 1 100000008 100000008 10 32.157915877936794 -143.04780782406635 -1 -1 -1
p000000010 1 100000008 100000008 11 32.157915877936794 -143.0478029434396 -1 -1 -1
p000000011 1 100000008 100000008 12 32.1579200101682 -143.04779806281283 -1 -1 -1
p000000012 1 100000008 100000008 13 32.1579241423996 -143.04779318218607 -1 -1 -1
p000000013 1 100000008 100000008 14 32.1579241423996 -143.04778342093257 -1 -1 -1
p000000014 1 100000008 100000008 15 32.157932406862415 -143.04778342093257 -1 -1 -1
p000000015 1 100000008 100000008 16 32.157932406862415 -143.0477785403058 -1 -1 -1
p000000016 1 100000008 100000008 17 32.157932406862415 -143.04777365967905 -1 -1 -1
p000000017 1 100000008 100000008 18 32.15793653909382 -143.04776389842553 -1 -1 -1
p000000018 1 100000008 100000008 19 32.15794067132522 -143.04775901779877 -1 -1 -1
p000000019 1 100000008 100000008 20 32.15794067132522 -143.047754137172 -1 -1 -1
p000000020 1 100000008 100000008 21 32.15794480355663 -143.047754137172 -1 -1 -1
p000000021 1 100000008 100000008 22 32.157948935788035 -143.04774925654527 -1 -1 -1
p000000022 1 100000008 100000008 23 32.157948935788035 -143.04773949529175 -1 -1 -1
p000000023 1 100000008 100000008 24 32.15795306801944 -143.04773949529175 -1 -1 -1
p000000024 1 100000008 100000008 25 32.15795306801944 -143.047734614665 -1 -1 -1
p000000025 1 100000008 100000008 26 32.15795720025084 -143.04772973403823 -1 -1 -1
p000000026 1 100000008 100000008 27 32.15795720025084 -143.04772485341147 -1 -1 -1
p000000027 1 100000008 100000008 28 32.15796133248225 -143.04771509215797 -1 -1 -1
p000000028 1 100000008 100000008 29 32.157965464713655 -143.04771509215797 -1 -1 -1
p000000029 1 100000008 100000008 30 32.157965464713655 -143.04770533090445 -1 -1 -1
p000000030 1 100000008 100000008 31 32.157965464713655 -143.0477004502777 -1 -1 -1
p000000031 1 100000008 100000008 32 32.15796959694506 -143.04769556965093 -1 -1 -1
p000000032 1 100000008 100000008 33 32.15796959694506 -143.04769068902417 -1 -1 -1
p000000033 1 100000008 100000008 34 32.15796959694506 -143.0476858083974 -1 -1 -1
p000000034 1 100000008 100000008 35 32.15797372917646 -143.04768092777064 -1 -1 -1
p000000035 1 100000008 100000008 36 32.157977861407865 -143.0476760471439 -1 -1 -1
p000000036 1 100000008 100000008 37 32.157977861407865 -143.0476760471439 -1 -1 -1
p000000037 1 100000008 100000008 38 32.157977861407865 -143.0476662858904 -1 -1 -1
p000000038 1 100000008 100000008 39 32.157981993639275 -143.04766140526363 -1 -1 -1
p000000039 1 100000008 100000008 40 32.157981993639275 -143.04765652463686 -1 -1 -1
p000000040 1 100000008 100000008 41 32.15798612587068 -143.0476516440101 -1 -1 -1
p000000041 1 100000008 100000008 42 32.15798612587068 -143.04764676338334 -1 -1 -1
p000000042 1 100000008 100000008 43 32.15799025810208 -143.0476418827566 -1 -1 -1
p000000043 1 100000008 100000008 44 32.157994390333485 -143.04763700212985 -1 -1 -1
p000000044 1 100000008 100000008 45 32.157994390333485 -143.04763212150309 -1 -1 -1
p000000045 1 100000008 100000008 46 32.157998522564895 -143.04762724087632 -1 -1 -1
p000000046 1 100000008 100000008 47 32.157998522564895 -143.04762236024956 -1 -1 -1
p000000047 1 100000008 100000008 48 32.1580026547963 -143.0476174796228 -1 -1 -1
p000000048 1 100000008 100000008 49 32.157998522564895 -143.0476077183693 -1 -1 -1
p000000049 1 100000008 100000008 50 32.1580026547963 -143.0476077183693 -1 -1 -1
p000000050 1 100000008 100000008 51 32.1580026547963 -143.04760283774255 -1 -1 -1
p000000051 1 100000008 100000008 52 32.1580067870277 -143.04759795711578 -1 -1 -1
p000000052 1 100000008 100000008 53 32.1580067870277 -143.04758819586226 -1 -1 -1
p000000053 1 100000008 100000008 54 32.1580067870277 -143.04757843460874 -1 -1 -1
p000000054 1 100000008 100000008 55 32.158010919259105 -143.04757355398198 -1 -1 -1
p000000055 1 100000008 100000008 56 32.158010919259105 -143.04757355398198 -1 -1 -1
p000000056 1 100000008 100000008 57 32.158015051490516 -143.04756867335524 -1 -1 -1
p000000057 1 100000008 100000008 58 32.158015051490516 -143.04755891210172 -1 -1 -1
p000000058 1 100000008 100000008 59 32.15801918372192 -143.04755403147496 -1 -1 -1
p000000059 1 100000008 100000008 60 32.15802331595332 -143.04755403147496 -1 -1 -1
p000000060 1 100000008 100000008 61 32.15801918372192 -143.04755403147496 -1 -1 -1
p000000061 1 100000008 100000008 62 32.15802331595332 -143.04753450896794 -1 -1 -1
p000000062 1 100000008 100000008 63 32.158027448184725 -143.04752962834118 -1 -1 -1
p000000063 1 100000008 100000008 64 32.158027448184725 -143.04752474771442 -1 -1 -1
p000000064 1 100000008 100000008 65 32.158031580416136 -143.04751986708766 -1 -1 -1
p000000065 1 100000008 100000008 66 32.15803571264754 -143.0475149864609 -1 -1 -1
p000000066 1 100000008 100000008 67 32.15803571264754 -143.04751010583414 -1 -1 -1
p000000067 1 100000008 100000008 68 32.15803984487894 -143.04750522520737 -1 -1 -1
p000000068 1 100000008 100000008 69 32.15803984487894 -143.04750034458064 -1 -1 -1
p000000069 1 100000008 100000008 70 32.158043977110346 -143.04749546395388 -1 -1 -1
p000000070 1 100000008 100000008 71 32.158043977110346 -143.04749058332712 -1 -1 -1
p000000071 1 100000008 100000008 72 32.15804810934175 -143.04748570270036 -1 -1 -1
p000000072 1 100000008 100000008 73 32.15805224157316 -143.04748570270036 -1 -1 -1
p000000073 1 100000008 100000008 74 32.15805637380456 -143.04747594144683 -1 -1 -1
p000000074 1 100000008 100000008 75 32.15805637380456 -143.04747106082007 -1 -1 -1
p000000075 1 100000008 100000008 76 32.15805637380456 -143.0474661801933 -1 -1 -1
p000000076 1 100000008 100000008 77 32.15805637380456 -143.04746129956658 -1 -1 -1
p000000077 1 100000008 100000008 78 32.158060506035966 -143.04745641893982 -1 -1 -1
p000000078 1 100000008 100000008 79 32.15806463826737 -143.0474466576863 -1 -1 -1
p000000079 1 100000008 100000008 80 32.15806463826737 -143.04744177705953 -1 -1 -1
p000000080 1 100000008 100000008 81 32.15806463826737 -143.04743689643277 -1 -1 -1
p000000081 1 100000008 100000008 82 32.15806877049878 -143.047432015806 -1 -1 -1
p000000082 1 100000008 100000008 83 32.15806877049878 -143.04742713517928 -1 -1 -1
p000000083 1 100000008 100000008 84 32.15807290273018 -143.04742225455252 -1 -1 -1
p000000084 1 100000008 100000008 85 32.15807290273018 -143.04741737392575 -1 -1 -1
p000000085 1 100000008 100000008 86 32.158077034961586 -143.047412493299 -1 -1 -1
p000000086 1 100000008 100000008 87 32.15808116719299 -143.04740761267223 -1 -1 -1
p000000087 1 100000008 100000008 88 32.15808116719299 -143.04740273204547 -1 -1 -1
p000000088 1 100000008 100000008 89 32.1580852994244 -143.0473978514187 -1 -1 -1
p000000089 1 100000008 100000008 90 32.1580894316558 -143.04739297079195 -1 -1 -1
p000000090 1 100000008 100000008 91 32.1580894316558 -143.0473880901652 -1 -1 -1
p000000091 1 100000008 100000008 92 32.1580894316558 -143.0473783289117 -1 -1 -1
p000000092 1 100000008 100000008 93 32.158093563887206 -143.04737344828493 -1 -1 -1
p000000093 1 100000008 100000008 94 32.158093563887206 -143.04737344828493 -1 -1 -1
p000000094 1 100000008 100000008 95 32.15809769611861 -143.04736856765817 -1 -1 -1
p000000095 1 100000008 100000008 96 32.15809769611861 -143.04735880640465 -1 -1 -1
p000000096 1 100000008 100000008 97 32.15810182835002 -143.0473539257779 -1 -1 -1
p000000097 1 100000008 100000008 98 32.15810596058142 -143.04734904515115 -1 -1 -1
p000000098 1 100000008 100000008 99 32.15811009281283 -143.0473441645244 -1 -1 -1
p000000099 1 100000008 100000008 100 32.15810596058142 -143.04733928389763 -1 -1 -1
p000000100 1 100000008 100000008 101 32.15811009281283 -143.04733440327087 -1 -1 -1
p000000101 1 100000008 100000008 102 32.15811009281283 -143.04732464201734 -1 -1 -1
p000000102 1 100000008 100000008 103 32.15811009281283 -143.0473197613906 -1 -1 -1
p000000103 1 100000008 100000008 104 32.15811422504423 -143.04731488076385 -1 -1 -1
p000000104 1 100000008 100000008 105 32.15811422504423 -143.0473100001371 -1 -1 -1
p000000105 1 100000008 100000008 106 32.15811835727564 -143.0473100001371 -1 -1 -1
p000000106 1 100000008 100000008 107 32.15811835727564 -143.04730023888357 -1 -1 -1
p000000107 1 100000008 100000008 108 32.15812248950704 -143.0472953582568 -1 -1 -1
p000000108 1 100000008 100000008 109 32.15812662173845 -143.04729047763004 -1 -1 -1
p000000109 1 100000008 100000008 110 32.15812662173845 -143.04728559700328 -1 -1 -1
p000000110 1 100000008 100000008 111 32.15813075396985 -143.04728071637655 -1 -1 -1
p000000111 1 100000008 100000008 112 32.15813075396985 -143.0472758357498 -1 -1 -1
p000000112 1 100000008 100000008 113 32.15813075396985 -143.04727095512303 -1 -1 -1
p000000113 1 100000008 100000008 114 32.15813488620125 -143.04726607449626 -1 -1 -1
p000000114 1 100000008 100000008 115 32.15813488620125 -143.04725631324274 -1 -1 -1
p000000115 1 100000008 100000008 116 32.158139018432664 -143.04725143261598 -1 -1 -1
p000000116 1 100000008 100000008 117 32.158139018432664 -143.04724655198925 -1 -1 -1
p000000117 1 100000008 100000008 118 32.15814315066407 -143.04724655198925 -1 -1 -1
p000000118 1 100000008 100000008 119 32.15814728289547 -143.04723679073572 -1 -1 -1
p000000119 1 100000008 100000008 120 32.15814728289547 -143.04723679073572 -1 -1 -1
p000000120 1 100000008 100000008 121 32.15815141512687 -143.04723191010896 -1 -1 -1
p000000121 1 100000008 100000008 122 32.158155547358284 -143.0472270294822 -1 -1 -1
p000000122 1 100000008 100000008 123 32.158155547358284 -143.04721726822868 -1 -1 -1
p000000123 1 100000008 100000008 124 32.15815967958969 -143.04721238760195 -1 -1 -1
p000000124 1 100000008 100000008 125 32.15815967958969 -143.04720750697518 -1 -1 -1
p000000125 1 100000008 100000008 126 32.15816381182109 -143.04720262634842 -1 -1 -1
p000000126 1 100000008 100000008 127 32.15816381182109 -143.04719774572166 -1 -1 -1
p000000127 1 100000008 100000008 128 32.15816381182109 -143.04718798446814 -1 -1 -1
p000000128 1 100000008 100000008 129 32.158167944052494 -143.04718310384138 -1 -1 -1
p000000129 1 100000008 100000008 130 32.158167944052494 -143.04718310384138 -1 -1 -1
p000000130 1 100000008 100000008 131 32.158172076283904 -143.04717334258788 -1 -1 -1
p000000131 1 100000008 100000008 132 32.158172076283904 -143.04716846196112 -1 -1 -1
p000000132 1 100000008 100000008 133 32.15817620851531 -143.04716358133436 -1 -1 -1
p000000133 1 100000008 100000008 134 32.15817620851531 -143.0471587007076 -1 -1 -1
p000000134 1 100000008 100000008 135 32.15818034074671 -143.04715382008084 -1 -1 -1
p000000135 1 100000008 100000008 136 32.15818034074671 -143.04714893945408 -1 -1 -1
p000000136 1 100000008 100000008 137 32.158184472978114 -143.0471440588273 -1 -1 -1
p000000137 1 100000008 100000008 138 32.158188605209524 -143.04713917820058 -1 -1 -1
p000000138 1 100000008 100000008 139 32.158188605209524 -143.04713429757382 -1 -1 -1
p000000139 1 100000008 100000008 140 32.158188605209524 -143.04712941694706 -1 -1 -1
p000000140 1 100000008 100000008 141 32.15819273744093 -143.04711965569354 -1 -1 -1
p000000141 1 100000008 100000008 142 32.15819686967233 -143.04711965569354 -1 -1 -1
p000000142 1 100000008 100000008 143 32.15819686967233 -143.04711477506677 -1 -1 -1
p000000143 1 100000008 100000008 144 32.15819686967233 -143.04710501381328 -1 -1 -1
p000000144 1 100000008 100000008 145 32.15819686967233 -143.04710013318652 -1 -1 -1
p000000145 1 100000008 100000008 146 32.15819686967233 -143.04709525255976 -1 -1 -1
p000000146 1 100000008 100000008 147 32.158201001903734 -143.047090371933 -1 -1 -1
p000000147 1 100000008 100000008 148 32.15820513413514 -143.04708549130623 -1 -1 -1
p000000148 1 100000008 100000008 149 32.15820513413514 -143.04708061067947 -1 -1 -1
p000000149 1 100000008 100000008 150 32.15820513413514 -143.0470757300527 -1 -1 -1
p000000150 1 100000008 100000008 151 32.15820513413514 -143.04707084942595 -1 -1 -1
p000000151 1 100000008 100000008 152 32.15820926636655 -143.04706596879922 -1 -1 -1
p000000152 1 100000008 100000008 153 32.15820926636655 -143.04706108817246 -1 -1 -1
p000000153 1 100000008 100000008 154 32.15821339859795 -143.0470562075457 -1 -1 -1
p000000154 1 100000008 100000008 155 32.15821339859795 -143.04705132691893 -1 -1 -1
p000000155 1 100000008 100000008 156 32.15821339859795 -143.04704644629217 -1 -1 -1
p000000156 1 100000008 100000008 157 32.15821339859795 -143.04703668503865 -1 -1 -1
p000000157 1 100000008 100000008 158 32.158217530829354 -143.04703180441192 -1 -1 -1
p000000158 1 100000008 100000008 159 32.158217530829354 -143.04702692378515 -1 -1 -1
p000000159 1 100000008 100000008 160 32.158217530829354 -143.04702692378515 -1 -1 -1
p000000160 1 100000008 100000008 161 32.15822166306076 -143.0470220431584 -1 -1 -1
p000000161 1 100000008 100000008 162 32.15822166306076 -143.04701716253163 -1 -1 -1
p000000162 1 100000008 100000008 163 32.15822166306076 -143.04701228190487 -1 -1 -1
p000000163 1 100000008 100000008 164 32.15822579529217 -143.04700252065135 -1 -1 -1
p000000164 1 100000008 100000008 165 32.15822992752357 -143.04700252065135 -1 -1 -1
p000000165 1 100000008 100000008 166 32.15822992752357 -143.04699275939785 -1 -1 -1
p000000166 1 100000008 100000008 167 32.158234059754975 -143.0469878787711 -1 -1 -1
p000000167 1 100000008 100000008 168 32.15822992752357 -143.04698299814433 -1 -1 -1
p000000168 1 100000008 100000008 169 32.158234059754975 -143.04697811751757 -1 -1 -1
p000000169 1 100000008 100000008 170 32.158234059754975 -143.04697811751757 -1 -1 -1
p000000170 1 100000008 100000008 171 32.15823819198638 -143.0469732368908 -1 -1 -1
p000000171 1 100000008 100000008 172 32.15824232421779 -143.04696347563728 -1 -1 -1
p000000172 1 100000008 100000008 173 32.15824232421779 -143.04695859501055 -1 -1 -1
p000000173 1 100000008 100000008 174 32.15824232421779 -143.0469537143838 -1 -1 -1
p000000174 1 100000008 100000008 175 32.15824232421779 -143.04694883375703 -1 -1 -1
p000000175 1 100000008 100000008 176 32.15824645644919 -143.04694395313027 -1 -1 -1
p000000176 1 100000008 100000008 177 32.15824645644919 -143.0469390725035 -1 -1 -1
p000000177 1 100000008 100000008 178 32.15824645644919 -143.04693419187674 -1 -1 -1
p000000178 1 100000008 100000008 179 32.158250588680595 -143.04692931124998 -1 -1 -1
p000000179 1 100000008 100000008 180 32.158250588680595 -143.04692443062325 -1 -1 -1
p000000180 1 100000008 100000008 181 32.15824645644919 -143.0469195499965 -1 -1 -1
p000000181 1 100000008 100000008 182 32.158254720912 -143.04691466936973 -1 -1 -1
p000000182 1 100000008 100000008 183 32.158254720912 -143.0469049081162 -1 -1 -1
p000000183 1 100000008 100000008 184 32.158254720912 -143.04690002748944 -1 -1 -1
p000000184 1 100000008 100000008 185 32.15826298537481 -143.04690002748944 -1 -1 -1
p000000185 1 100000008 100000008 186 32.15826298537481 -143.04689514686268 -1 -1 -1
p000000186 1 100000008 100000008 187 32.15825885314341 -143.0468853856092 -1 -1 -1
p000000187 1 100000008 100000008 188 32.15826298537481 -143.0468853856092 -1 -1 -1
p000000188 1 100000008 100000008 189 32.158267117606215 -143.04688050498243 -1 -1 -1
p000000189 1 100000008 100000008 190 32.15826298537481 -143.04687562435566 -1 -1 -1
p000000190 1 100000008 100000008 191 32.15826298537481 -143.0468707437289 -1 -1 -1
p000000191 1 100000008 100000008 192 32.158267117606215 -143.04686586310214 -1 -1 -1
p000000192 1 100000008 100000008 193 32.158267117606215 -143.04686098247538 -1 -1 -1
p000000193 1 100000008 100000008 194 32.158267117606215 -143.04685610184862 -1 -1 -1
p000000194 1 100000008 100000008 195 32.158267117606215 -143.04685122122189 -1 -1 -1
p000000195 1 100000008 100000008 196 32.15827124983762 -143.04684634059512 -1 -1 -1
p000000196 1 100000008 100000008 197 32.15827538206903 -143.04684145996836 -1 -1 -1
p000000197 1 100000008 100000008 198 32.15827538206903 -143.0468365793416 -1 -1 -1
p000000198 1 100000008 100000008 199 32.15827538206903 -143.04683169871484 -1 -1 -1
p000000199 1 100000008 100000008 200 32.15827538206903 -143.04682681808808 -1 -1 -1
