p000000600 1 100000025 100000025 1 2.5229428623541232 -140.1037983689722 -1 -1 -1
p000000601 1 100000025 100000025 2 2.522946994585528 -140.1037983689722 -1 -1 -1
p000000602 1 100000025 100000025 3 2.5229428623541232 -140.1037983689722 -1 -1 -1
p000000603 1 100000025 100000025 4 2.522946994585528 -140.1038025052124 -1 -1 -1
p000000604 1 100000025 100000025 5 2.522946994585528 -140.1037983689722 -1 -1 -1
p000000605 1 100000025 100000025 6 2.522946994585528 -140.1038025052124 -1 -1 -1
p000000606 1 100000025 100000025 7 2.522946994585528 -140.10380664145256 -1 -1 -1
p000000607 1 100000025 100000025 8 2.522951126816933 -140.10380664145256 -1 -1 -1
p000000608 1 100000025 100000025 9 2.522951126816933 -140.10380664145256 -1 -1 -1
p000000609 1 100000025 100000025 10 2.522951126816933 -140.10380664145256 -1 -1 -1
p000000610 1 100000025 100000025 11 2.522951126816933 -140.10380664145256 -1 -1 -1
p000000611 1 100000025 100000025 12 2.522951126816933 -140.10380664145256 -1 -1 -1
p000000612 1 100000025 100000025 13 2.522951126816933 -140.10380664145256 -1 -1 -1
p000000613 1 100000025 100000025 14 2.522955259048338 -140.10381077769273 -1 -1 -1
p000000614 1 100000025 100000025 15 2.522955259048338 -140.10381077769273 -1 -1 -1
p000000615 1 100000025 100000025 16 2.522955259048338 -140.10381491393292 -1 -1 -1
p000000616 1 100000025 100000025 17 2.522955259048338 -140.10381491393292 -1 -1 -1
p000000617 1 100000025 100000025 18 2.522959391279743 -140.10381491393292 -1 -1 -1
p000000618 1 100000025 100000025 19 2.522959391279743 -140.10381491393292 -1 -1 -1
p000000619 1 100000025 100000025 20 2.522959391279743 -140.10381491393292 -1 -1 -1
p000000620 1 100000025 100000025 21 2.522959391279743 -140.1038190501731 -1 -1 -1
p000000621 1 100000025 100000025 22 2.522959391279743 -140.1038190501731 -1 -1 -1
p000000622 1 100000025 100000025 23 2.522959391279743 -140.1038190501731 -1 -1 -1
p000000623 1 100000025 100000025 24 2.522963523511148 -140.10382318641325 -1 -1 -1
p000000624 1 100000025 100000025 25 2.522963523511148 -140.1038190501731 -1 -1 -1
p000000625 1 100000025 100000025 26 2.5229676557425527 -140.10382318641325 -1 -1 -1
p000000626 1 100000025 100000025 27 2.522963523511148 -140.10382318641325 -1 -1 -1
p000000627 1 100000025 100000025 28 2.5229676557425527 -140.10382318641325 -1 -1 -1
p000000628 1 100000025 100000025 29 2.5229676557425527 -140.10382732265344 -1 -1 -1
p000000629 1 100000025 100000025 30 2.5229676557425527 -140.10382732265344 -1 -1 -1
p000000630 1 100000025 100000025 31 2.5229676557425527 -140.10382732265344 -1 -1 -1
p000000631 1 100000025 100000025 32 2.5229717879739577 -140.10382732265344 -1 -1 -1
p000000632 1 100000025 100000025 33 2.5229759202053628 -140.1038314588936 -1 -1 -1
p000000633 1 100000025 100000025 34 2.5229759202053628 -140.1038314588936 -1 -1 -1
p000000634 1 100000025 100000025 35 2.5229759202053628 -140.10382732265344 -1 -1 -1
p000000635 1 100000025 100000025 36 2.5229759202053628 -140.10383559513377 -1 -1 -1
p000000636 1 100000025 100000025 37 2.5229759202053628 -140.1038314588936 -1 -1 -1
p000000637 1 100000025 100000025 38 2.5229759202053628 -140.1038314588936 -1 -1 -1
p000000638 1 100000025 100000025 39 2.5229759202053628 -140.10383559513377 -1 -1 -1
p000000639 1 100000025 100000025 40 2.5229759202053628 -140.10383559513377 -1 -1 -1
p000000640 1 100000025 100000025 41 2.5229759202053628 -140.10383559513377 -1 -1 -1
p000000641 1 100000025 100000025 42 2.522980052436768 -140.10383559513377 -1 -1 -1
p000000642 1 100000025 100000025 43 2.522980052436768 -140.10383973137397 -1 -1 -1
p000000643 1 100000025 100000025 44 2.522980052436768 -140.10383973137397 -1 -1 -1
p000000644 1 100000025 100000025 45 2.5229841846681724 -140.10383973137397 -1 -1 -1
p000000645 1 100000025 100000025 46 2.5229841846681724 -140.10383973137397 -1 -1 -1
p000000646 1 100000025 100000025 47 2.5229841846681724 -140.10383973137397 -1 -1 -1
p000000647 1 100000025 100000025 48 2.5229841846681724 -140.10384386761413 -1 -1 -1
p000000648 1 100000025 100000025 49 2.5229841846681724 -140.10384386761413 -1 -1 -1
p000000649 1 100000025 100000025 50 2.5229883168995775 -140.10384386761413 -1 -1 -1
p000000650 1 100000025 100000025 51 2.5229841846681724 -140.10384386761413 -1 -1 -1
p000000651 1 100000025 100000025 52 2.5229841846681724 -140.10384386761413 -1 -1 -1
p000000652 1 100000025 100000025 53 2.5229883168995775 -140.10384386761413 -1 -1 -1
p000000653 1 100000025 100000025 54 2.5229883168995775 -140.10384800385432 -1 -1 -1
p000000654 1 100000025 100000025 55 2.5229883168995775 -140.10384800385432 -1 -1 -1
p000000655 1 100000025 100000025 56 2.5229924491309825 -140.10384386761413 -1 -1 -1
p000000656 1 100000025 100000025 57 2.5229924491309825 -140.10384800385432 -1 -1 -1
p000000657 1 100000025 100000025 58 2.5229965813623876 -140.10384800385432 -1 -1 -1
p000000658 1 100000025 100000025 59 2.5229924491309825 -140.1038521400945 -1 -1 -1
p000000659 1 100000025 100000025 60 2.5229965813623876 -140.1038521400945 -1 -1 -1
p000000660 1 100000025 100000025 61 2.5229965813623876 -140.1038521400945 -1 -1 -1
p000000661 1 100000025 100000025 62 2.5229965813623876 -140.10385627633465 -1 -1 -1
p000000662 1 100000025 100000025 63 2.5229965813623876 -140.1038521400945 -1 -1 -1
p000000663 1 100000025 100000025 64 2.5230007135937926 -140.10385627633465 -1 -1 -1
p000000664 1 100000025 100000025 65 2.5230007135937926 -140.10385627633465 -1 -1 -1
p000000665 1 100000025 100000025 66 2.5230007135937926 -140.10385627633465 -1 -1 -1
p000000666 1 100000025 100000025 67 2.5230007135937926 -140.10385627633465 -1 -1 -1
p000000667 1 100000025 100000025 68 2.5230048458251972 -140.10386041257485 -1 -1 -1
p000000668 1 100000025 100000025 69 2.5230048458251972 -140.10386041257485 -1 -1 -1
p000000669 1 100000025 100000025 70 2.5230048458251972 -140.10386041257485 -1 -1 -1
p000000670 1 100000025 100000025 71 2.5230048458251972 -140.103864548815 -1 -1 -1
p000000671 1 100000025 100000025 72 2.5230089780566023 -140.10386868505518 -1 -1 -1
p000000672 1 100000025 100000025 73 2.5230089780566023 -140.10386868505518 -1 -1 -1
p000000673 1 100000025 100000025 74 2.5230089780566023 -140.10386868505518 -1 -1 -1
p000000674 1 100000025 100000025 75 2.5230089780566023 -140.103864548815 -1 -1 -1
p000000675 1 100000025 100000025 76 2.5230089780566023 -140.10386868505518 -1 -1 -1
p000000676 1 100000025 100000025 77 2.5230089780566023 -140.10386868505518 -1 -1 -1
p000000677 1 100000025 100000025 78 2.5230089780566023 -140.10386868505518 -1 -1 -1
p000000678 1 100000025 100000025 79 2.5230131102880073 -140.10387282129537 -1 -1 -1
p000000679 1 100000025 100000025 80 2.5230131102880073 -140.10387282129537 -1 -1 -1
p000000680 1 100000025 100000025 81 2.5230131102880073 -140.10387282129537 -1 -1 -1
p000000681 1 100000025 100000025 82 2.5230131102880073 -140.10387282129537 -1 -1 -1
p000000682 1 100000025 100000025 83 2.5230131102880073 -140.10387695753553 -1 -1 -1
p000000683 1 100000025 100000025 84 2.5230131102880073 -140.10387282129537 -1 -1 -1
p000000684 1 100000025 100000025 85 2.5230172425194124 -140.10387695753553 -1 -1 -1
p000000685 1 100000025 100000025 86 2.5230172425194124 -140.10387695753553 -1 -1 -1
p000000686 1 100000025 100000025 87 2.5230172425194124 -140.10387695753553 -1 -1 -1
p000000687 1 100000025 100000025 88 2.5230172425194124 -140.10387695753553 -1 -1 -1
p000000688 1 100000025 100000025 89 2.5230213747508174 -140.10387695753553 -1 -1 -1
p000000689 1 100000025 100000025 90 2.5230213747508174 -140.1038810937757 -1 -1 -1
p000000690 1 100000025 100000025 91 2.5230213747508174 -140.1038810937757 -1 -1 -1
p000000691 1 100000025 100000025 92 2.5230213747508174 -140.1038810937757 -1 -1 -1
p000000692 1 100000025 100000025 93 2.5230213747508174 -140.1038810937757 -1 -1 -1
p000000693 1 100000025 100000025 94 2.523025506982222 -140.1038852300159 -1 -1 -1
p000000694 1 100000025 100000025 95 2.523025506982222 -140.1038852300159 -1 -1 -1
p000000695 1 100000025 100000025 96 2.523025506982222 -140.1038852300159 -1 -1 -1
p000000696 1 100000025 100000025 97 2.523025506982222 -140.1038852300159 -1 -1 -1
p000000697 1 100000025 100000025 98 2.523029639213627 -140.10388936625606 -1 -1 -1
p000000698 1 100000025 100000025 99 2.523029639213627 -140.10388936625606 -1 -1 -1
p000000699 1 100000025 100000025 100 2.523029639213627 -140.10388936625606 -1 -1 -1
p000000700 1 100000025 100000025 101 2.523029639213627 -140.10389350249625 -1 -1 -1
p000000701 1 100000025 100000025 102 2.523029639213627 -140.10389350249625 -1 -1 -1
p000000702 1 100000025 100000025 103 2.523029639213627 -140.10389350249625 -1 -1 -1
p000000703 1 100000025 100000025 104 2.523033771445032 -140.10389350249625 -1 -1 -1
p000000704 1 100000025 100000025 105 2.523033771445032 -140.10389350249625 -1 -1 -1
p000000705 1 100000025 100000025 106 2.523037903676437 -140.1038976387364 -1 -1 -1
p000000706 1 100000025 100000025 107 2.523033771445032 -140.10389350249625 -1 -1 -1
p000000707 1 100000025 100000025 108 2.523033771445032 -140.1038976387364 -1 -1 -1
p000000708 1 100000025 100000025 109 2.523037903676437 -140.1038976387364 -1 -1 -1
p000000709 1 100000025 100000025 110 2.523037903676437 -140.1038976387364 -1 -1 -1
p000000710 1 100000025 100000025 111 2.523037903676437 -140.1038976387364 -1 -1 -1
p000000711 1 100000025 100000025 112 2.523037903676437 -140.1038976387364 -1 -1 -1
p000000712 1 100000025 100000025 113 2.5230420359078423 -140.10390177497658 -1 -1 -1
p000000713 1 100000025 100000025 114 2.5230420359078423 -140.10390177497658 -1 -1 -1
p000000714 1 100000025 100000025 115 2.5230420359078423 -140.10390177497658 -1 -1 -1
p000000715 1 100000025 100000025 116 2.5230420359078423 -140.10390177497658 -1 -1 -1
p000000716 1 100000025 100000025 117 2.5230420359078423 -140.10390177497658 -1 -1 -1
p000000717 1 100000025 100000025 118 2.523046168139247 -140.10390591121677 -1 -1 -1
p000000718 1 100000025 100000025 119 2.5230420359078423 -140.10390591121677 -1 -1 -1
p000000719 1 100000025 100000025 120 2.523046168139247 -140.10390591121677 -1 -1 -1
p000000720 1 100000025 100000025 121 2.523046168139247 -140.10390591121677 -1 -1 -1
p000000721 1 100000025 100000025 122 2.523046168139247 -140.10391004745694 -1 -1 -1
p000000722 1 100000025 100000025 123 2.523046168139247 -140.10390591121677 -1 -1 -1
p000000723 1 100000025 100000025 124 2.523046168139247 -140.10391004745694 -1 -1 -1
p000000724 1 100000025 100000025 125 2.523050300370652 -140.10391004745694 -1 -1 -1
p000000725 1 100000025 100000025 126 2.523050300370652 -140.10391004745694 -1 -1 -1
p000000726 1 100000025 100000025 127 2.523054432602057 -140.10391004745694 -1 -1 -1
p000000727 1 100000025 100000025 128 2.523054432602057 -140.1039141836971 -1 -1 -1
p000000728 1 100000025 100000025 129 2.523050300370652 -140.1039141836971 -1 -1 -1
p000000729 1 100000025 100000025 130 2.523050300370652 -140.1039141836971 -1 -1 -1
p000000730 1 100000025 100000025 131 2.523054432602057 -140.1039183199373 -1 -1 -1
p000000731 1 100000025 100000025 132 2.523054432602057 -140.1039183199373 -1 -1 -1
p000000732 1 100000025 100000025 133 2.523054432602057 -140.1039183199373 -1 -1 -1
p000000733 1 100000025 100000025 134 2.523058564833462 -140.1039183199373 -1 -1 -1
p000000734 1 100000025 100000025 135 2.523054432602057 -140.1039183199373 -1 -1 -1
p000000735 1 100000025 100000025 136 2.523058564833462 -140.10392245617746 -1 -1 -1
p000000736 1 100000025 100000025 137 2.523058564833462 -140.1039183199373 -1 -1 -1
p000000737 1 100000025 100000025 138 2.523058564833462 -140.1039183199373 -1 -1 -1
p000000738 1 100000025 100000025 139 2.523058564833462 -140.10392245617746 -1 -1 -1
p000000739 1 100000025 100000025 140 2.5230626970648666 -140.10392245617746 -1 -1 -1
p000000740 1 100000025 100000025 141 2.5230626970648666 -140.10392245617746 -1 -1 -1
p000000741 1 100000025 100000025 142 2.5230626970648666 -140.10392245617746 -1 -1 -1
p000000742 1 100000025 100000025 143 2.5230668292962717 -140.10392245617746 -1 -1 -1
p000000743 1 100000025 100000025 144 2.5230626970648666 -140.10392245617746 -1 -1 -1
p000000744 1 100000025 100000025 145 2.5230668292962717 -140.10392245617746 -1 -1 -1
p000000745 1 100000025 100000025 146 2.5230668292962717 -140.10392659241762 -1 -1 -1
p000000746 1 100000025 100000025 147 2.5230626970648666 -140.10392659241762 -1 -1 -1
p000000747 1 100000025 100000025 148 2.5230668292962717 -140.10392659241762 -1 -1 -1
p000000748 1 100000025 100000025 149 2.5230668292962717 -140.10392659241762 -1 -1 -1
p000000749 1 100000025 100000025 150 2.5230668292962717 -140.10392659241762 -1 -1 -1
p000000750 1 100000025 100000025 151 2.5230668292962717 -140.10393072865782 -1 -1 -1
p000000751 1 100000025 100000025 152 2.5230668292962717 -140.10393072865782 -1 -1 -1
p000000752 1 100000025 100000025 153 2.5230709615276767 -140.10393072865782 -1 -1 -1
p000000753 1 100000025 100000025 154 2.5230709615276767 -140.10393072865782 -1 -1 -1
p000000754 1 100000025 100000025 155 2.523075093759082 -140.10393072865782 -1 -1 -1
p000000755 1 100000025 100000025 156 2.523075093759082 -140.10393072865782 -1 -1 -1
p000000756 1 100000025 100000025 157 2.5230709615276767 -140.10393486489798 -1 -1 -1
p000000757 1 100000025 100000025 158 2.523075093759082 -140.10393486489798 -1 -1 -1
p000000758 1 100000025 100000025 159 2.523075093759082 -140.10393486489798 -1 -1 -1
p000000759 1 100000025 100000025 160 2.523075093759082 -140.10393486489798 -1 -1 -1
p000000760 1 100000025 100000025 161 2.523075093759082 -140.10393900113817 -1 -1 -1
p000000761 1 100000025 100000025 162 2.5230709615276767 -140.10393486489798 -1 -1 -1
p000000762 1 100000025 100000025 163 2.523079225990487 -140.10393900113817 -1 -1 -1
p000000763 1 100000025 100000025 164 2.523079225990487 -140.10393900113817 -1 -1 -1
p000000764 1 100000025 100000025 165 2.523075093759082 -140.10393900113817 -1 -1 -1
p000000765 1 100000025 100000025 166 2.523079225990487 -140.10393900113817 -1 -1 -1
p000000766 1 100000025 100000025 167 2.523079225990487 -140.10393900113817 -1 -1 -1
p000000767 1 100000025 100000025 168 2.523079225990487 -140.10393900113817 -1 -1 -1
p000000768 1 100000025 100000025 169 2.5230833582218914 -140.10394313737834 -1 -1 -1
p000000769 1 100000025 100000025 170 2.523079225990487 -140.10394313737834 -1 -1 -1
p000000770 1 100000025 100000025 171 2.5230833582218914 -140.10394313737834 -1 -1 -1
p000000771 1 100000025 100000025 172 2.523079225990487 -140.10394313737834 -1 -1 -1
p000000772 1 100000025 100000025 173 2.5230833582218914 -140.1039472736185 -1 -1 -1
p000000773 1 100000025 100000025 174 2.5230833582218914 -140.10394313737834 -1 -1 -1
p000000774 1 100000025 100000025 175 2.5230874904532965 -140.1039472736185 -1 -1 -1
p000000775 1 100000025 100000025 176 2.5230874904532965 -140.1039472736185 -1 -1 -1
p000000776 1 100000025 100000025 177 2.5230874904532965 -140.1039472736185 -1 -1 -1
p000000777 1 100000025 100000025 178 2.5230874904532965 -140.1039472736185 -1 -1 -1
p000000778 1 100000025 100000025 179 2.5230874904532965 -140.1039472736185 -1 -1 -1
p000000779 1 100000025 100000025 180 2.5230874904532965 -140.1039472736185 -1 -1 -1
p000000780 1 100000025 100000025 181 2.5230874904532965 -140.1039472736185 -1 -1 -1
p000000781 1 100000025 100000025 182 2.5230916226847016 -140.1039514098587 -1 -1 -1
p000000782 1 100000025 100000025 183 2.5230916226847016 -140.1039514098587 -1 -1 -1
p000000783 1 100000025 100000025 184 2.5230916226847016 -140.1039514098587 -1 -1 -1
p000000784 1 100000025 100000025 185 2.5230916226847016 -140.10395554609886 -1 -1 -1
p000000785 1 100000025 100000025 186 2.5230916226847016 -140.10395554609886 -1 -1 -1
p000000786 1 100000025 100000025 187 2.5230916226847016 -140.10395554609886 -1 -1 -1
p000000787 1 100000025 100000025 188 2.5230957549161066 -140.10395968233902 -1 -1 -1
p000000788 1 100000025 100000025 189 2.5230957549161066 -140.10395554609886 -1 -1 -1
p000000789 1 100000025 100000025 190 2.5230957549161066 -140.10395554609886 -1 -1 -1
p000000790 1 100000025 100000025 191 2.5230957549161066 -140.10395554609886 -1 -1 -1
p000000791 1 100000025 100000025 192 2.5230998871475117 -140.10395968233902 -1 -1 -1
p000000792 1 100000025 100000025 193 2.5230998871475117 -140.10395968233902 -1 -1 -1
p000000793 1 100000025 100000025 194 2.5230998871475117 -140.10395968233902 -1 -1 -1
p000000794 1 100000025 100000025 195 2.5230998871475117 -140.10396381857922 -1 -1 -1
p000000795 1 100000025 100000025 196 2.5230998871475117 -140.10396381857922 -1 -1 -1
p000000796 1 100000025 100000025 197 2.5230998871475117 -140.10396381857922 -1 -1 -1
p000000797 1 100000025 100000025 198 2.5230998871475117 -140.10396381857922 -1 -1 -1
p000000798 1 100000025 100000025 199 2.5231040193789163 -140.10396381857922 -1 -1 -1
p000000799 1 100000025 100000025 200 2.5231040193789163 -140.10396795481938 -1 -1 -1
p000000800 1 100000025 100000025 201 2.5231081516103213 -140.10396795481938 -1 -1 -1
p000000801 1 100000025 100000025 202 2.5231081516103213 -140.10396795481938 -1 -1 -1
p000000802 1 100000025 100000025 203 2.5231081516103213 -140.10396795481938 -1 -1 -1
p000000803 1 100000025 100000025 204 2.5231081516103213 -140.10396795481938 -1 -1 -1
p000000804 1 100000025 100000025 205 2.5231081516103213 -140.10396795481938 -1 -1 -1
p000000805 1 100000025 100000025 206 2.5231081516103213 -140.10397209105955 -1 -1 -1
p000000806 1 100000025 100000025 207 2.5231081516103213 -140.10397209105955 -1 -1 -1
p000000807 1 100000025 100000025 208 2.5231081516103213 -140.10397209105955 -1 -1 -1
p000000808 1 100000025 100000025 209 2.5231081516103213 -140.10397209105955 -1 -1 -1
p000000809 1 100000025 100000025 210 2.5231081516103213 -140.10397209105955 -1 -1 -1
p000000810 1 100000025 100000025 211 2.5231081516103213 -140.10397209105955 -1 -1 -1
p000000811 1 100000025 100000025 212 2.5231122838417264 -140.10397209105955 -1 -1 -1
p000000812 1 100000025 100000025 213 2.5231122838417264 -140.10397622729974 -1 -1 -1
p000000813 1 100000025 100000025 214 2.5231122838417264 -140.10397209105955 -1 -1 -1
p000000814 1 100000025 100000025 215 2.5231122838417264 -140.10397622729974 -1 -1 -1
p000000815 1 100000025 100000025 216 2.5231122838417264 -140.10397622729974 -1 -1 -1
p000000816 1 100000025 100000025 217 2.5231122838417264 -140.10397622729974 -1 -1 -1
p000000817 1 100000025 100000025 218 2.5231122838417264 -140.10397622729974 -1 -1 -1
p000000818 1 100000025 100000025 219 2.5231164160731314 -140.1039844997801 -1 -1 -1
p000000819 1 100000025 100000025 220 2.5231164160731314 -140.10397622729974 -1 -1 -1
p000000820 1 100000025 100000025 221 2.5231164160731314 -140.1039803635399 -1 -1 -1
p000000821 1 100000025 100000025 222 2.5231164160731314 -140.1039803635399 -1 -1 -1
p000000822 1 100000025 100000025 223 2.5231164160731314 -140.1039803635399 -1 -1 -1
p000000823 1 100000025 100000025 224 2.5231164160731314 -140.1039844997801 -1 -1 -1
p000000824 1 100000025 100000025 225 2.5231205483045365 -140.1039803635399 -1 -1 -1
p000000825 1 100000025 100000025 226 2.5231205483045365 -140.1039844997801 -1 -1 -1
p000000826 1 100000025 100000025 227 2.5231205483045365 -140.1039844997801 -1 -1 -1
p000000827 1 100000025 100000025 228 2.5231205483045365 -140.1039844997801 -1 -1 -1
p000000828 1 100000025 100000025 229 2.5231205483045365 -140.1039844997801 -1 -1 -1
p000000829 1 100000025 100000025 230 2.5231205483045365 -140.1039844997801 -1 -1 -1
p000000830 1 100000025 100000025 231 2.5231205483045365 -140.1039844997801 -1 -1 -1
p000000831 1 100000025 100000025 232 2.5231205483045365 -140.10398863602026 -1 -1 -1
p000000832 1 100000025 100000025 233 2.523124680535941 -140.10398863602026 -1 -1 -1
p000000833 1 100000025 100000025 234 2.523124680535941 -140.10398863602026 -1 -1 -1
p000000834 1 100000025 100000025 235 2.523124680535941 -140.10398863602026 -1 -1 -1
p000000835 1 100000025 100000025 236 2.523124680535941 -140.10398863602026 -1 -1 -1
p000000836 1 100000025 100000025 237 2.523124680535941 -140.10398863602026 -1 -1 -1
p000000837 1 100000025 100000025 238 2.523128812767346 -140.10399277226043 -1 -1 -1
p000000838 1 100000025 100000025 239 2.523128812767346 -140.10399277226043 -1 -1 -1
p000000839 1 100000025 100000025 240 2.523128812767346 -140.10399277226043 -1 -1 -1
p000000840 1 100000025 100000025 241 2.523128812767346 -140.10398863602026 -1 -1 -1
p000000841 1 100000025 100000025 242 2.523128812767346 -140.10398863602026 -1 -1 -1
p000000842 1 100000025 100000025 243 2.523128812767346 -140.10399277226043 -1 -1 -1
p000000843 1 100000025 100000025 244 2.523128812767346 -140.10399277226043 -1 -1 -1
p000000844 1 100000025 100000025 245 2.523128812767346 -140.10399277226043 -1 -1 -1
p000000845 1 100000025 100000025 246 2.523132944998751 -140.10399277226043 -1 -1 -1
p000000846 1 100000025 100000025 247 2.523132944998751 -140.10399690850062 -1 -1 -1
p000000847 1 100000025 100000025 248 2.523132944998751 -140.10399690850062 -1 -1 -1
p000000848 1 100000025 100000025 249 2.523132944998751 -140.10399690850062 -1 -1 -1
p000000849 1 100000025 100000025 250 2.5231370772301562 -140.10399277226043 -1 -1 -1
p000000850 1 100000025 100000025 251 2.5231370772301562 -140.10400104474078 -1 -1 -1
p000000851 1 100000025 100000025 252 2.5231370772301562 -140.10399690850062 -1 -1 -1
p000000852 1 100000025 100000025 253 2.5231370772301562 -140.10399690850062 -1 -1 -1
p000000853 1 100000025 100000025 254 2.5231370772301562 -140.10399690850062 -1 -1 -1
p000000854 1 100000025 100000025 255 2.5231370772301562 -140.10400104474078 -1 -1 -1
p000000855 1 100000025 100000025 256 2.5231370772301562 -140.10400104474078 -1 -1 -1
p000000856 1 100000025 100000025 257 2.523141209461561 -140.10400104474078 -1 -1 -1
p000000857 1 100000025 100000025 258 2.523141209461561 -140.10400104474078 -1 -1 -1
p000000858 1 100000025 100000025 259 2.523141209461561 -140.10400104474078 -1 -1 -1
p000000859 1 100000025 100000025 260 2.523141209461561 -140.10400518098095 -1 -1 -1
p000000860 1 100000025 100000025 261 2.523145341692966 -140.10400518098095 -1 -1 -1
p000000861 1 100000025 100000025 262 2.523145341692966 -140.10400518098095 -1 -1 -1
p000000862 1 100000025 100000025 263 2.523145341692966 -140.10400518098095 -1 -1 -1
p000000863 1 100000025 100000025 264 2.523145341692966 -140.10400518098095 -1 -1 -1
p000000864 1 100000025 100000025 265 2.523145341692966 -140.10400518098095 -1 -1 -1
p000000865 1 100000025 100000025 266 2.523145341692966 -140.10400931722114 -1 -1 -1
p000000866 1 100000025 100000025 267 2.523145341692966 -140.10400518098095 -1 -1 -1
p000000867 1 100000025 100000025 268 2.523145341692966 -140.10400518098095 -1 -1 -1
p000000868 1 100000025 100000025 269 2.523145341692966 -140.10400931722114 -1 -1 -1
p000000869 1 100000025 100000025 270 2.523149473924371 -140.10400931722114 -1 -1 -1
p000000870 1 100000025 100000025 271 2.523149473924371 -140.10400931722114 -1 -1 -1
p000000871 1 100000025 100000025 272 2.523149473924371 -140.10400931722114 -1 -1 -1
p000000872 1 100000025 100000025 273 2.523149473924371 -140.10400931722114 -1 -1 -1
p000000873 1 100000025 100000025 274 2.523149473924371 -140.1040134534613 -1 -1 -1
p000000874 1 100000025 100000025 275 2.523149473924371 -140.1040134534613 -1 -1 -1
p000000875 1 100000025 100000025 276 2.523149473924371 -140.10400931722114 -1 -1 -1
p000000876 1 100000025 100000025 277 2.523149473924371 -140.10400931722114 -1 -1 -1
p000000877 1 100000025 100000025 278 2.523153606155776 -140.1040134534613 -1 -1 -1
p000000878 1 100000025 100000025 279 2.523153606155776 -140.1040134534613 -1 -1 -1
p000000879 1 100000025 100000025 280 2.523153606155776 -140.1040134534613 -1 -1 -1
p000000880 1 100000025 100000025 281 2.523153606155776 -140.10401758970147 -1 -1 -1
p000000881 1 100000025 100000025 282 2.523153606155776 -140.10401758970147 -1 -1 -1
p000000882 1 100000025 100000025 283 2.523153606155776 -140.1040134534613 -1 -1 -1
p000000883 1 100000025 100000025 284 2.523153606155776 -140.10401758970147 -1 -1 -1
p000000884 1 100000025 100000025 285 2.523153606155776 -140.1040134534613 -1 -1 -1
p000000885 1 100000025 100000025 286 2.523153606155776 -140.10401758970147 -1 -1 -1
p000000886 1 100000025 100000025 287 2.523153606155776 -140.10401758970147 -1 -1 -1
p000000887 1 100000025 100000025 288 2.523153606155776 -140.10401758970147 -1 -1 -1
p000000888 1 100000025 100000025 289 2.523157738387181 -140.10401758970147 -1 -1 -1
p000000889 1 100000025 100000025 290 2.523157738387181 -140.10401758970147 -1 -1 -1
p000000890 1 100000025 100000025 291 2.523157738387181 -140.10401758970147 -1 -1 -1
p000000891 1 100000025 100000025 292 2.523157738387181 -140.10401758970147 -1 -1 -1
p000000892 1 100000025 100000025 293 2.523157738387181 -140.10402172594166 -1 -1 -1
p000000893 1 100000025 100000025 294 2.523157738387181 -140.10402172594166 -1 -1 -1
p000000894 1 100000025 100000025 295 2.5231618706185857 -140.10402172594166 -1 -1 -1
p000000895 1 100000025 100000025 296 2.523157738387181 -140.10402172594166 -1 -1 -1
p000000896 1 100000025 100000025 297 2.5231618706185857 -140.10402172594166 -1 -1 -1
p000000897 1 100000025 100000025 298 2.5231618706185857 -140.10402586218183 -1 -1 -1
p000000898 1 100000025 100000025 299 2.5231618706185857 -140.10402586218183 -1 -1 -1
p000000899 1 100000025 100000025 300 2.5231618706185857 -140.10402999842202 -1 -1 -1
p000000900 1 100000025 100000025 301 2.5231618706185857 -140.10402172594166 -1 -1 -1
p000000901 1 100000025 100000025 302 2.5231618706185857 -140.10402586218183 -1 -1 -1
p000000902 1 100000025 100000025 303 2.5231660028499907 -140.10402999842202 -1 -1 -1
p000000903 1 100000025 100000025 304 2.5231660028499907 -140.10402586218183 -1 -1 -1
p000000904 1 100000025 100000025 305 2.5231660028499907 -140.1040341346622 -1 -1 -1
p000000905 1 100000025 100000025 306 2.5231660028499907 -140.10402999842202 -1 -1 -1
p000000906 1 100000025 100000025 307 2.5231660028499907 -140.10402999842202 -1 -1 -1
p000000907 1 100000025 100000025 308 2.5231701350813958 -140.10402999842202 -1 -1 -1
p000000908 1 100000025 100000025 309 2.5231701350813958 -140.10402999842202 -1 -1 -1
p000000909 1 100000025 100000025 310 2.5231701350813958 -140.1040341346622 -1 -1 -1
p000000910 1 100000025 100000025 311 2.5231701350813958 -140.1040341346622 -1 -1 -1
p000000911 1 100000025 100000025 312 2.5231660028499907 -140.1040341346622 -1 -1 -1
p000000912 1 100000025 100000025 313 2.523174267312801 -140.1040341346622 -1 -1 -1
p000000913 1 100000025 100000025 314 2.523174267312801 -140.1040341346622 -1 -1 -1
p000000914 1 100000025 100000025 315 2.5231701350813958 -140.1040341346622 -1 -1 -1
p000000915 1 100000025 100000025 316 2.523174267312801 -140.10402999842202 -1 -1 -1
p000000916 1 100000025 100000025 317 2.523174267312801 -140.1040341346622 -1 -1 -1
p000000917 1 100000025 100000025 318 2.523178399544206 -140.10403827090235 -1 -1 -1
p000000918 1 100000025 100000025 319 2.523174267312801 -140.10403827090235 -1 -1 -1
p000000919 1 100000025 100000025 320 2.523174267312801 -140.10403827090235 -1 -1 -1
p000000920 1 100000025 100000025 321 2.523178399544206 -140.10403827090235 -1 -1 -1
p000000921 1 100000025 100000025 322 2.523174267312801 -140.10403827090235 -1 -1 -1
p000000922 1 100000025 100000025 323 2.523174267312801 -140.10404240714254 -1 -1 -1
p000000923 1 100000025 100000025 324 2.523174267312801 -140.10403827090235 -1 -1 -1
p000000924 1 100000025 100000025 325 2.523178399544206 -140.10404240714254 -1 -1 -1
p000000925 1 100000025 100000025 326 2.523178399544206 -140.10403827090235 -1 -1 -1
p000000926 1 100000025 100000025 327 2.523178399544206 -140.10404240714254 -1 -1 -1
p000000927 1 100000025 100000025 328 2.523178399544206 -140.10404240714254 -1 -1 -1
p000000928 1 100000025 100000025 329 2.523178399544206 -140.1040465433827 -1 -1 -1
p000000929 1 100000025 100000025 330 2.523178399544206 -140.10404240714254 -1 -1 -1
p000000930 1 100000025 100000025 331 2.523178399544206 -140.10404240714254 -1 -1 -1
p000000931 1 100000025 100000025 332 2.523178399544206 -140.1040465433827 -1 -1 -1
p000000932 1 100000025 100000025 333 2.523178399544206 -140.1040465433827 -1 -1 -1
