p000000327 1 1000000010 1000000010 1 16.85819083909348 -162.37285525756405 -1 -1 -1
p000000328 1 1000000010 1000000010 2 16.85819083909348 -162.37285093979068 -1 -1 -1
p000000329 1 1000000010 1000000010 3 16.858186706862075 -162.3728466220173 -1 -1 -1
p000000330 1 1000000010 1000000010 4 16.858186706862075 -162.3728466220173 -1 -1 -1
p000000331 1 1000000010 1000000010 5 16.858186706862075 -162.37284230424393 -1 -1 -1
p000000332 1 1000000010 1000000010 6 16.858186706862075 -162.37283798647056 -1 -1 -1
p000000333 1 1000000010 1000000010 7 16.858194971324885 -162.37283798647056 -1 -1 -1
p000000334 1 1000000010 1000000010 8 16.858194971324885 -162.37282935092384 -1 -1 -1
p000000335 1 1000000010 1000000010 9 16.858194971324885 -162.37282503315046 -1 -1 -1
p000000336 1 1000000010 1000000010 10 16.85819910355629 -162.37282503315046 -1 -1 -1
p000000337 1 1000000010 1000000010 11 16.858203235787695 -162.3728163976037 -1 -1 -1
p000000338 1 1000000010 1000000010 12 16.858203235787695 -162.37281207983034 -1 -1 -1
p000000339 1 1000000010 1000000010 13 16.858203235787695 -162.37281207983034 -1 -1 -1
p000000340 1 1000000010 1000000010 14 16.8582073680191 -162.37280776205696 -1 -1 -1
p000000341 1 1000000010 1000000010 15 16.8582073680191 -162.3728034442836 -1 -1 -1
p000000342 1 1000000010 1000000010 16 16.8582073680191 -162.37279912651024 -1 -1 -1
p000000343 1 1000000010 1000000010 17 16.8582073680191 -162.37279480873687 -1 -1 -1
p000000344 1 1000000010 1000000010 18 16.8582073680191 -162.37279480873687 -1 -1 -1
p000000345 1 1000000010 1000000010 19 16.8582073680191 -162.3727904909635 -1 -1 -1
p000000346 1 1000000010 1000000010 20 16.858203235787695 -162.37278617319012 -1 -1 -1
p000000347 1 1000000010 1000000010 21 16.858203235787695 -162.37278185541675 -1 -1 -1
p000000348 1 1000000010 1000000010 22 16.858203235787695 -162.37277753764337 -1 -1 -1
p000000349 1 1000000010 1000000010 23 16.858203235787695 -162.37277753764337 -1 -1 -1
p000000350 1 1000000010 1000000010 24 16.858203235787695 -162.37276890209662 -1 -1 -1
p000000351 1 1000000010 1000000010 25 16.858203235787695 -162.37276458432328 -1 -1 -1
p000000352 1 1000000010 1000000010 26 16.8582073680191 -162.3727602665499 -1 -1 -1
p000000353 1 1000000010 1000000010 27 16.8582073680191 -162.3727602665499 -1 -1 -1
p000000354 1 1000000010 1000000010 28 16.8582073680191 -162.3727602665499 -1 -1 -1
p000000355 1 1000000010 1000000010 29 16.8582073680191 -162.37275594877653 -1 -1 -1
p000000356 1 1000000010 1000000010 30 16.858211500250505 -162.37275594877653 -1 -1 -1
p000000357 1 1000000010 1000000010 31 16.858211500250505 -162.37275163100315 -1 -1 -1
p000000358 1 1000000010 1000000010 32 16.85821563248191 -162.3727429954564 -1 -1 -1
p000000359 1 1000000010 1000000010 33 16.85821563248191 -162.37273867768303 -1 -1 -1
p000000360 1 1000000010 1000000010 34 16.85821563248191 -162.37273435990966 -1 -1 -1
p000000361 1 1000000010 1000000010 35 16.858219764713315 -162.37273435990966 -1 -1 -1
p000000362 1 1000000010 1000000010 36 16.858219764713315 -162.3727300421363 -1 -1 -1
p000000363 1 1000000010 1000000010 37 16.858223896944722 -162.37272572436294 -1 -1 -1
p000000364 1 1000000010 1000000010 38 16.858223896944722 -162.37272572436294 -1 -1 -1
p000000365 1 1000000010 1000000010 39 16.858223896944722 -162.37272140658956 -1 -1 -1
p000000366 1 1000000010 1000000010 40 16.858223896944722 -162.3727170888162 -1 -1 -1
p000000367 1 1000000010 1000000010 41 16.858219764713315 -162.3727127710428 -1 -1 -1
p000000368 1 1000000010 1000000010 42 16.858219764713315 -162.3727127710428 -1 -1 -1
p000000369 1 1000000010 1000000010 43 16.858219764713315 -162.37270845326944 -1 -1 -1
p000000370 1 1000000010 1000000010 44 16.858223896944722 -162.37270413549606 -1 -1 -1
p000000371 1 1000000010 1000000010 45 16.858223896944722 -162.37270413549606 -1 -1 -1
p000000372 1 1000000010 1000000010 46 16.858228029176125 -162.3726998177227 -1 -1 -1
p000000373 1 1000000010 1000000010 47 16.858228029176125 -162.37269549994932 -1 -1 -1
p000000374 1 1000000010 1000000010 48 16.858228029176125 -162.37269549994932 -1 -1 -1
p000000375 1 1000000010 1000000010 49 16.858228029176125 -162.37269118217597 -1 -1 -1
p000000376 1 1000000010 1000000010 50 16.858228029176125 -162.3726868644026 -1 -1 -1
p000000377 1 1000000010 1000000010 51 16.858223896944722 -162.37268254662922 -1 -1 -1
p000000378 1 1000000010 1000000010 52 16.858228029176125 -162.37268254662922 -1 -1 -1
p000000379 1 1000000010 1000000010 53 16.858232161407532 -162.37268254662922 -1 -1 -1
p000000380 1 1000000010 1000000010 54 16.858232161407532 -162.37267822885585 -1 -1 -1
p000000381 1 1000000010 1000000010 55 16.858232161407532 -162.37267391108247 -1 -1 -1
p000000382 1 1000000010 1000000010 56 16.858232161407532 -162.37267391108247 -1 -1 -1
p000000383 1 1000000010 1000000010 57 16.858232161407532 -162.3726695933091 -1 -1 -1
p000000384 1 1000000010 1000000010 58 16.858232161407532 -162.3726695933091 -1 -1 -1
p000000385 1 1000000010 1000000010 59 16.858236293638935 -162.37266527553572 -1 -1 -1
p000000386 1 1000000010 1000000010 60 16.858236293638935 -162.37266095776235 -1 -1 -1
p000000387 1 1000000010 1000000010 61 16.858236293638935 -162.372656639989 -1 -1 -1
p000000388 1 1000000010 1000000010 62 16.858236293638935 -162.37265232221563 -1 -1 -1
p000000389 1 1000000010 1000000010 63 16.858232161407532 -162.37264368666888 -1 -1 -1
p000000390 1 1000000010 1000000010 64 16.858232161407532 -162.3726393688955 -1 -1 -1
p000000391 1 1000000010 1000000010 65 16.858232161407532 -162.37263505112213 -1 -1 -1
p000000392 1 1000000010 1000000010 66 16.858232161407532 -162.37263505112213 -1 -1 -1
p000000393 1 1000000010 1000000010 67 16.858232161407532 -162.37263073334876 -1 -1 -1
p000000394 1 1000000010 1000000010 68 16.858232161407532 -162.37262641557538 -1 -1 -1
p000000395 1 1000000010 1000000010 69 16.858236293638935 -162.37262641557538 -1 -1 -1
p000000396 1 1000000010 1000000010 70 16.858236293638935 -162.37262209780204 -1 -1 -1
p000000397 1 1000000010 1000000010 71 16.858240425870342 -162.37261778002866 -1 -1 -1
p000000398 1 1000000010 1000000010 72 16.858240425870342 -162.3726134622553 -1 -1 -1
p000000399 1 1000000010 1000000010 73 16.858240425870342 -162.3726091444819 -1 -1 -1
p000000400 1 1000000010 1000000010 74 16.858240425870342 -162.3726091444819 -1 -1 -1
p000000401 1 1000000010 1000000010 75 16.858240425870342 -162.3726091444819 -1 -1 -1
p000000402 1 1000000010 1000000010 76 16.858244558101745 -162.37260482670854 -1 -1 -1
p000000403 1 1000000010 1000000010 77 16.858244558101745 -162.37260050893516 -1 -1 -1
p000000404 1 1000000010 1000000010 78 16.858244558101745 -162.37260050893516 -1 -1 -1
p000000405 1 1000000010 1000000010 79 16.858244558101745 -162.3725961911618 -1 -1 -1
p000000406 1 1000000010 1000000010 80 16.858244558101745 -162.3725961911618 -1 -1 -1
p000000407 1 1000000010 1000000010 81 16.858248690333152 -162.3725961911618 -1 -1 -1
p000000408 1 1000000010 1000000010 82 16.858248690333152 -162.37259187338842 -1 -1 -1
p000000409 1 1000000010 1000000010 83 16.858252822564555 -162.37258755561507 -1 -1 -1
p000000410 1 1000000010 1000000010 84 16.85825695479596 -162.3725832378417 -1 -1 -1
p000000411 1 1000000010 1000000010 85 16.858252822564555 -162.37257892006832 -1 -1 -1
p000000412 1 1000000010 1000000010 86 16.858252822564555 -162.37257460229495 -1 -1 -1
p000000413 1 1000000010 1000000010 87 16.858248690333152 -162.37257460229495 -1 -1 -1
p000000414 1 1000000010 1000000010 88 16.858248690333152 -162.37257028452157 -1 -1 -1
p000000415 1 1000000010 1000000010 89 16.858252822564555 -162.3725659667482 -1 -1 -1
p000000416 1 1000000010 1000000010 90 16.858252822564555 -162.37256164897482 -1 -1 -1
p000000417 1 1000000010 1000000010 91 16.858252822564555 -162.37255733120145 -1 -1 -1
p000000418 1 1000000010 1000000010 92 16.858252822564555 -162.3725530134281 -1 -1 -1
p000000419 1 1000000010 1000000010 93 16.858252822564555 -162.37254869565473 -1 -1 -1
p000000420 1 1000000010 1000000010 94 16.858252822564555 -162.37254869565473 -1 -1 -1
p000000421 1 1000000010 1000000010 95 16.858252822564555 -162.37254437788135 -1 -1 -1
p000000422 1 1000000010 1000000010 96 16.85825695479596 -162.37254006010798 -1 -1 -1
p000000423 1 1000000010 1000000010 97 16.85825695479596 -162.37253142456123 -1 -1 -1
p000000424 1 1000000010 1000000010 98 16.85825695479596 -162.37253142456123 -1 -1 -1
p000000425 1 1000000010 1000000010 99 16.85825695479596 -162.37252710678786 -1 -1 -1
p000000426 1 1000000010 1000000010 100 16.858261087027365 -162.37252278901448 -1 -1 -1
p000000427 1 1000000010 1000000010 101 16.858261087027365 -162.37251847124114 -1 -1 -1
p000000428 1 1000000010 1000000010 102 16.858261087027365 -162.37251847124114 -1 -1 -1
p000000429 1 1000000010 1000000010 103 16.858261087027365 -162.37251415346776 -1 -1 -1
p000000430 1 1000000010 1000000010 104 16.85826521925877 -162.3725098356944 -1 -1 -1
p000000431 1 1000000010 1000000010 105 16.85826521925877 -162.372505517921 -1 -1 -1
p000000432 1 1000000010 1000000010 106 16.85826521925877 -162.372505517921 -1 -1 -1
p000000433 1 1000000010 1000000010 107 16.85826521925877 -162.37250120014764 -1 -1 -1
p000000434 1 1000000010 1000000010 108 16.858269351490176 -162.37250120014764 -1 -1 -1
p000000435 1 1000000010 1000000010 109 16.858269351490176 -162.37249688237426 -1 -1 -1
p000000436 1 1000000010 1000000010 110 16.858269351490176 -162.37249688237426 -1 -1 -1
p000000437 1 1000000010 1000000010 111 16.858269351490176 -162.3724925646009 -1 -1 -1
p000000438 1 1000000010 1000000010 112 16.858269351490176 -162.37248824682752 -1 -1 -1
p000000439 1 1000000010 1000000010 113 16.85827348372158 -162.37248392905417 -1 -1 -1
p000000440 1 1000000010 1000000010 114 16.85827348372158 -162.3724796112808 -1 -1 -1
p000000441 1 1000000010 1000000010 115 16.85827348372158 -162.3724796112808 -1 -1 -1
p000000442 1 1000000010 1000000010 116 16.85827348372158 -162.37247529350742 -1 -1 -1
p000000443 1 1000000010 1000000010 117 16.85827348372158 -162.37247097573405 -1 -1 -1
p000000444 1 1000000010 1000000010 118 16.85827348372158 -162.37246665796067 -1 -1 -1
p000000445 1 1000000010 1000000010 119 16.85827348372158 -162.3724623401873 -1 -1 -1
p000000446 1 1000000010 1000000010 120 16.858277615952986 -162.37245802241392 -1 -1 -1
p000000447 1 1000000010 1000000010 121 16.858277615952986 -162.37245802241392 -1 -1 -1
p000000448 1 1000000010 1000000010 122 16.858277615952986 -162.37245370464055 -1 -1 -1
p000000449 1 1000000010 1000000010 123 16.858277615952986 -162.37244938686717 -1 -1 -1
p000000450 1 1000000010 1000000010 124 16.858277615952986 -162.37244506909383 -1 -1 -1
p000000451 1 1000000010 1000000010 125 16.858277615952986 -162.37244506909383 -1 -1 -1
p000000452 1 1000000010 1000000010 126 16.85828174818439 -162.37244075132045 -1 -1 -1
p000000453 1 1000000010 1000000010 127 16.85828174818439 -162.37243643354708 -1 -1 -1
p000000454 1 1000000010 1000000010 128 16.85828174818439 -162.37243643354708 -1 -1 -1
p000000455 1 1000000010 1000000010 129 16.858285880415796 -162.3724321157737 -1 -1 -1
p000000456 1 1000000010 1000000010 130 16.858285880415796 -162.3724321157737 -1 -1 -1
p000000457 1 1000000010 1000000010 131 16.858285880415796 -162.37242779800033 -1 -1 -1
p000000458 1 1000000010 1000000010 132 16.858285880415796 -162.37242348022696 -1 -1 -1
p000000459 1 1000000010 1000000010 133 16.858285880415796 -162.37241916245358 -1 -1 -1
p000000460 1 1000000010 1000000010 134 16.8582900126472 -162.37241916245358 -1 -1 -1
p000000461 1 1000000010 1000000010 135 16.8582900126472 -162.3724148446802 -1 -1 -1
p000000462 1 1000000010 1000000010 136 16.8582900126472 -162.37241052690686 -1 -1 -1
p000000463 1 1000000010 1000000010 137 16.8582900126472 -162.37241052690686 -1 -1 -1
p000000464 1 1000000010 1000000010 138 16.8582900126472 -162.3724062091335 -1 -1 -1
p000000465 1 1000000010 1000000010 139 16.8582900126472 -162.3724062091335 -1 -1 -1
p000000466 1 1000000010 1000000010 140 16.858294144878606 -162.3724018913601 -1 -1 -1
p000000467 1 1000000010 1000000010 141 16.858294144878606 -162.37239757358674 -1 -1 -1
p000000468 1 1000000010 1000000010 142 16.858294144878606 -162.37239757358674 -1 -1 -1
p000000469 1 1000000010 1000000010 143 16.858294144878606 -162.37239325581336 -1 -1 -1
p000000470 1 1000000010 1000000010 144 16.858294144878606 -162.37238893804 -1 -1 -1
p000000471 1 1000000010 1000000010 145 16.858294144878606 -162.37238462026662 -1 -1 -1
p000000472 1 1000000010 1000000010 146 16.858294144878606 -162.37238030249324 -1 -1 -1
p000000473 1 1000000010 1000000010 147 16.85829827711001 -162.37238030249324 -1 -1 -1
p000000474 1 1000000010 1000000010 148 16.85829827711001 -162.3723759847199 -1 -1 -1
p000000475 1 1000000010 1000000010 149 16.85829827711001 -162.37237166694652 -1 -1 -1
p000000476 1 1000000010 1000000010 150 16.85829827711001 -162.37236734917315 -1 -1 -1
p000000477 1 1000000010 1000000010 151 16.85829827711001 -162.37236734917315 -1 -1 -1
p000000478 1 1000000010 1000000010 152 16.85829827711001 -162.37236303139977 -1 -1 -1
p000000479 1 1000000010 1000000010 153 16.85829827711001 -162.37236303139977 -1 -1 -1
p000000480 1 1000000010 1000000010 154 16.85829827711001 -162.3723587136264 -1 -1 -1
p000000481 1 1000000010 1000000010 155 16.85829827711001 -162.37235439585302 -1 -1 -1
p000000482 1 1000000010 1000000010 156 16.85829827711001 -162.37235439585302 -1 -1 -1
p000000483 1 1000000010 1000000010 157 16.85829827711001 -162.37235007807965 -1 -1 -1
p000000484 1 1000000010 1000000010 158 16.858302409341416 -162.37234576030627 -1 -1 -1
p000000485 1 1000000010 1000000010 159 16.858302409341416 -162.37234144253293 -1 -1 -1
p000000486 1 1000000010 1000000010 160 16.858302409341416 -162.37233712475955 -1 -1 -1
p000000487 1 1000000010 1000000010 161 16.858302409341416 -162.37233712475955 -1 -1 -1
p000000488 1 1000000010 1000000010 162 16.858302409341416 -162.37233280698618 -1 -1 -1
p000000489 1 1000000010 1000000010 163 16.85830654157282 -162.37233280698618 -1 -1 -1
p000000490 1 1000000010 1000000010 164 16.85830654157282 -162.3723284892128 -1 -1 -1
p000000491 1 1000000010 1000000010 165 16.85830654157282 -162.37232417143943 -1 -1 -1
p000000492 1 1000000010 1000000010 166 16.85830654157282 -162.37231985366606 -1 -1 -1
p000000493 1 1000000010 1000000010 167 16.85830654157282 -162.37231985366606 -1 -1 -1
p000000494 1 1000000010 1000000010 168 16.85830654157282 -162.37231553589268 -1 -1 -1
p000000495 1 1000000010 1000000010 169 16.85830654157282 -162.3723112181193 -1 -1 -1
p000000496 1 1000000010 1000000010 170 16.85830654157282 -162.37230690034596 -1 -1 -1
p000000497 1 1000000010 1000000010 171 16.85830654157282 -162.3723025825726 -1 -1 -1
p000000498 1 1000000010 1000000010 172 16.85830654157282 -162.3722982647992 -1 -1 -1
p000000499 1 1000000010 1000000010 173 16.858310673804226 -162.3722982647992 -1 -1 -1
p000000500 1 1000000010 1000000010 174 16.858310673804226 -162.37229394702584 -1 -1 -1
p000000501 1 1000000010 1000000010 175 16.858310673804226 -162.37228962925246 -1 -1 -1
p000000502 1 1000000010 1000000010 176 16.858310673804226 -162.37228099370571 -1 -1 -1
p000000503 1 1000000010 1000000010 177 16.858310673804226 -162.37228099370571 -1 -1 -1
p000000504 1 1000000010 1000000010 178 16.858310673804226 -162.372272358159 -1 -1 -1
p000000505 1 1000000010 1000000010 179 16.85831480603563 -162.37226372261225 -1 -1 -1
p000000506 1 1000000010 1000000010 180 16.85831480603563 -162.3722550870655 -1 -1 -1
p000000507 1 1000000010 1000000010 181 16.858318938267036 -162.37225076929212 -1 -1 -1
p000000508 1 1000000010 1000000010 182 16.858318938267036 -162.37225076929212 -1 -1 -1
p000000509 1 1000000010 1000000010 183 16.858318938267036 -162.37224645151875 -1 -1 -1
p000000510 1 1000000010 1000000010 184 16.858318938267036 -162.37224213374537 -1 -1 -1
p000000511 1 1000000010 1000000010 185 16.858318938267036 -162.372237815972 -1 -1 -1
p000000512 1 1000000010 1000000010 186 16.85832307049844 -162.372237815972 -1 -1 -1
p000000513 1 1000000010 1000000010 187 16.85832307049844 -162.37223349819865 -1 -1 -1
p000000514 1 1000000010 1000000010 188 16.85832307049844 -162.37222918042528 -1 -1 -1
p000000515 1 1000000010 1000000010 189 16.85832307049844 -162.37222918042528 -1 -1 -1
p000000516 1 1000000010 1000000010 190 16.85832307049844 -162.3722248626519 -1 -1 -1
p000000517 1 1000000010 1000000010 191 16.85832307049844 -162.37222054487853 -1 -1 -1
p000000518 1 1000000010 1000000010 192 16.85832307049844 -162.37222054487853 -1 -1 -1
p000000519 1 1000000010 1000000010 193 16.858327202729846 -162.37221622710516 -1 -1 -1
p000000520 1 1000000010 1000000010 194 16.858327202729846 -162.37221190933178 -1 -1 -1
p000000521 1 1000000010 1000000010 195 16.858327202729846 -162.37221190933178 -1 -1 -1
p000000522 1 1000000010 1000000010 196 16.858327202729846 -162.3722075915584 -1 -1 -1
p000000523 1 1000000010 1000000010 197 16.85833133496125 -162.37220327378503 -1 -1 -1
p000000524 1 1000000010 1000000010 198 16.85833133496125 -162.3721989560117 -1 -1 -1
p000000525 1 1000000010 1000000010 199 16.85833133496125 -162.3721989560117 -1 -1 -1
p000000526 1 1000000010 1000000010 200 16.858335467192653 -162.3721946382383 -1 -1 -1
p000000527 1 1000000010 1000000010 201 16.858335467192653 -162.37219032046494 -1 -1 -1
p000000528 1 1000000010 1000000010 202 16.858335467192653 -162.37219032046494 -1 -1 -1
p000000529 1 1000000010 1000000010 203 16.858335467192653 -162.37218600269156 -1 -1 -1
p000000530 1 1000000010 1000000010 204 16.85833959942406 -162.3721816849182 -1 -1 -1
p000000531 1 1000000010 1000000010 205 16.85833959942406 -162.3721816849182 -1 -1 -1
p000000532 1 1000000010 1000000010 206 16.85833959942406 -162.37217736714481 -1 -1 -1
p000000533 1 1000000010 1000000010 207 16.85833959942406 -162.37217736714481 -1 -1 -1
p000000534 1 1000000010 1000000010 208 16.858343731655463 -162.37217304937144 -1 -1 -1
p000000535 1 1000000010 1000000010 209 16.858343731655463 -162.37216873159807 -1 -1 -1
p000000536 1 1000000010 1000000010 210 16.858343731655463 -162.37216873159807 -1 -1 -1
p000000537 1 1000000010 1000000010 211 16.858343731655463 -162.37216441382472 -1 -1 -1
p000000538 1 1000000010 1000000010 212 16.858343731655463 -162.37216009605135 -1 -1 -1
p000000539 1 1000000010 1000000010 213 16.85834786388687 -162.37216009605135 -1 -1 -1
