p000001244 1 100000018 100000018 1 13.80505640133482 -148.86581818916792 -1 -1 -1
p000001245 1 100000018 100000018 2 13.80505640133482 -148.8658139341182 -1 -1 -1
p000001246 1 100000018 100000018 3 13.805060533566225 -148.8658096790685 -1 -1 -1
p000001247 1 100000018 100000018 4 13.80506466579763 -148.86580542401876 -1 -1 -1
p000001248 1 100000018 100000018 5 13.80506466579763 -148.86580116896906 -1 -1 -1
p000001249 1 100000018 100000018 6 13.805068798029035 -148.86579691391933 -1 -1 -1
p000001250 1 100000018 100000018 7 13.805068798029035 -148.8657926588696 -1 -1 -1
p000001251 1 100000018 100000018 8 13.80507293026044 -148.8657884038199 -1 -1 -1
p000001252 1 100000018 100000018 9 13.80507293026044 -148.86577989372046 -1 -1 -1
p000001253 1 100000018 100000018 10 13.805077062491845 -148.86577563867073 -1 -1 -1
p000001254 1 100000018 100000018 11 13.805077062491845 -148.86577138362102 -1 -1 -1
p000001255 1 100000018 100000018 12 13.80508119472325 -148.8657671285713 -1 -1 -1
p000001256 1 100000018 100000018 13 13.80508119472325 -148.86576287352156 -1 -1 -1
p000001257 1 100000018 100000018 14 13.805085326954655 -148.86575861847186 -1 -1 -1
p000001258 1 100000018 100000018 15 13.80508945918606 -148.86575436342213 -1 -1 -1
p000001259 1 100000018 100000018 16 13.80508945918606 -148.86575010837242 -1 -1 -1
p000001260 1 100000018 100000018 17 13.805093591417466 -148.8657458533227 -1 -1 -1
p000001261 1 100000018 100000018 18 13.805093591417466 -148.865741598273 -1 -1 -1
p000001262 1 100000018 100000018 19 13.805097723648869 -148.86573734322326 -1 -1 -1
p000001263 1 100000018 100000018 20 13.805101855880274 -148.86572883312382 -1 -1 -1
p000001264 1 100000018 100000018 21 13.805101855880274 -148.8657245780741 -1 -1 -1
p000001265 1 100000018 100000018 22 13.805105988111679 -148.8657203230244 -1 -1 -1
p000001266 1 100000018 100000018 23 13.805105988111679 -148.86571606797466 -1 -1 -1
p000001267 1 100000018 100000018 24 13.805110120343084 -148.86571181292496 -1 -1 -1
p000001268 1 100000018 100000018 25 13.805114252574489 -148.86570755787523 -1 -1 -1
p000001269 1 100000018 100000018 26 13.805114252574489 -148.8657033028255 -1 -1 -1
p000001270 1 100000018 100000018 27 13.805118384805894 -148.8656990477758 -1 -1 -1
p000001271 1 100000018 100000018 28 13.805122517037299 -148.86569479272606 -1 -1 -1
p000001272 1 100000018 100000018 29 13.805122517037299 -148.86568628262663 -1 -1 -1
p000001273 1 100000018 100000018 30 13.805126649268704 -148.86568202757692 -1 -1 -1
p000001274 1 100000018 100000018 31 13.805126649268704 -148.8656777725272 -1 -1 -1
p000001275 1 100000018 100000018 32 13.80513078150011 -148.86567351747746 -1 -1 -1
p000001276 1 100000018 100000018 33 13.80513078150011 -148.86566926242776 -1 -1 -1
p000001277 1 100000018 100000018 34 13.805134913731514 -148.86566500737803 -1 -1 -1
p000001278 1 100000018 100000018 35 13.805134913731514 -148.86566075232832 -1 -1 -1
p000001279 1 100000018 100000018 36 13.80513904596292 -148.8656564972786 -1 -1 -1
p000001280 1 100000018 100000018 37 13.80513904596292 -148.8656522422289 -1 -1 -1
p000001281 1 100000018 100000018 38 13.805143178194324 -148.86564798717916 -1 -1 -1
p000001282 1 100000018 100000018 39 13.805143178194324 -148.86564373212943 -1 -1 -1
p000001283 1 100000018 100000018 40 13.80514731042573 -148.86563947707972 -1 -1 -1
p000001284 1 100000018 100000018 41 13.80514731042573 -148.86563522203 -1 -1 -1
p000001285 1 100000018 100000018 42 13.80514731042573 -148.8656309669803 -1 -1 -1
p000001286 1 100000018 100000018 43 13.805151442657134 -148.86562671193056 -1 -1 -1
p000001287 1 100000018 100000018 44 13.80515557488854 -148.86562245688086 -1 -1 -1
p000001288 1 100000018 100000018 45 13.80515557488854 -148.86561820183113 -1 -1 -1
p000001289 1 100000018 100000018 46 13.80515557488854 -148.8656139467814 -1 -1 -1
p000001290 1 100000018 100000018 47 13.805159707119945 -148.8656096917317 -1 -1 -1
p000001291 1 100000018 100000018 48 13.805159707119945 -148.86560543668196 -1 -1 -1
p000001292 1 100000018 100000018 49 13.80516383935135 -148.86560118163226 -1 -1 -1
p000001293 1 100000018 100000018 50 13.80516383935135 -148.86559267153282 -1 -1 -1
p000001294 1 100000018 100000018 51 13.80516383935135 -148.8655884164831 -1 -1 -1
p000001295 1 100000018 100000018 52 13.805167971582755 -148.86558416143336 -1 -1 -1
p000001296 1 100000018 100000018 53 13.805167971582755 -148.86557990638366 -1 -1 -1
p000001297 1 100000018 100000018 54 13.80517210381416 -148.86557565133393 -1 -1 -1
p000001298 1 100000018 100000018 55 13.80517210381416 -148.86557139628422 -1 -1 -1
p000001299 1 100000018 100000018 56 13.80517210381416 -148.8655671412345 -1 -1 -1
p000001300 1 100000018 100000018 57 13.805176236045563 -148.8655628861848 -1 -1 -1
p000001301 1 100000018 100000018 58 13.805176236045563 -148.86555863113506 -1 -1 -1
p000001302 1 100000018 100000018 59 13.805180368276968 -148.86555012103562 -1 -1 -1
p000001303 1 100000018 100000018 60 13.805180368276968 -148.8655458659859 -1 -1 -1
p000001304 1 100000018 100000018 61 13.805180368276968 -148.8655416109362 -1 -1 -1
p000001305 1 100000018 100000018 62 13.805184500508373 -148.86553735588646 -1 -1 -1
p000001306 1 100000018 100000018 63 13.805184500508373 -148.86553310083676 -1 -1 -1
p000001307 1 100000018 100000018 64 13.805188632739778 -148.86552884578703 -1 -1 -1
p000001308 1 100000018 100000018 65 13.805188632739778 -148.8655245907373 -1 -1 -1
p000001309 1 100000018 100000018 66 13.805188632739778 -148.8655203356876 -1 -1 -1
p000001310 1 100000018 100000018 67 13.805192764971183 -148.86551608063786 -1 -1 -1
p000001311 1 100000018 100000018 68 13.805196897202588 -148.86551182558816 -1 -1 -1
p000001312 1 100000018 100000018 69 13.805196897202588 -148.86550757053843 -1 -1 -1
p000001313 1 100000018 100000018 70 13.805201029433993 -148.86550331548872 -1 -1 -1
p000001314 1 100000018 100000018 71 13.805201029433993 -148.865499060439 -1 -1 -1
p000001315 1 100000018 100000018 72 13.805205161665398 -148.86549480538926 -1 -1 -1
p000001316 1 100000018 100000018 73 13.805205161665398 -148.86549055033956 -1 -1 -1
p000001317 1 100000018 100000018 74 13.805209293896803 -148.86548629528983 -1 -1 -1
p000001318 1 100000018 100000018 75 13.805213426128208 -148.86548204024012 -1 -1 -1
p000001319 1 100000018 100000018 76 13.805213426128208 -148.8654777851904 -1 -1 -1
p000001320 1 100000018 100000018 77 13.805217558359614 -148.8654735301407 -1 -1 -1
p000001321 1 100000018 100000018 78 13.805217558359614 -148.86546927509096 -1 -1 -1
p000001322 1 100000018 100000018 79 13.805221690591019 -148.86546502004123 -1 -1 -1
p000001323 1 100000018 100000018 80 13.805221690591019 -148.86546076499152 -1 -1 -1
p000001324 1 100000018 100000018 81 13.805225822822424 -148.8654565099418 -1 -1 -1
p000001325 1 100000018 100000018 82 13.805229955053829 -148.8654522548921 -1 -1 -1
p000001326 1 100000018 100000018 83 13.805229955053829 -148.86544799984236 -1 -1 -1
p000001327 1 100000018 100000018 84 13.805234087285234 -148.86544374479266 -1 -1 -1
p000001328 1 100000018 100000018 85 13.805234087285234 -148.86543948974293 -1 -1 -1
p000001329 1 100000018 100000018 86 13.805238219516639 -148.8654309796435 -1 -1 -1
p000001330 1 100000018 100000018 87 13.805238219516639 -148.86542672459376 -1 -1 -1
p000001331 1 100000018 100000018 88 13.805242351748044 -148.86542246954406 -1 -1 -1
p000001332 1 100000018 100000018 89 13.805246483979449 -148.86541821449433 -1 -1 -1
p000001333 1 100000018 100000018 90 13.805246483979449 -148.86541395944462 -1 -1 -1
p000001334 1 100000018 100000018 91 13.805250616210854 -148.8654097043949 -1 -1 -1
p000001335 1 100000018 100000018 92 13.805250616210854 -148.86540544934516 -1 -1 -1
p000001336 1 100000018 100000018 93 13.805254748442257 -148.86540119429546 -1 -1 -1
p000001337 1 100000018 100000018 94 13.805254748442257 -148.86539693924573 -1 -1 -1
p000001338 1 100000018 100000018 95 13.805258880673662 -148.86539268419602 -1 -1 -1
p000001339 1 100000018 100000018 96 13.805258880673662 -148.8653884291463 -1 -1 -1
p000001340 1 100000018 100000018 97 13.805263012905067 -148.8653841740966 -1 -1 -1
p000001341 1 100000018 100000018 98 13.805263012905067 -148.86537991904686 -1 -1 -1
p000001342 1 100000018 100000018 99 13.805267145136472 -148.86537140894742 -1 -1 -1
p000001343 1 100000018 100000018 100 13.805267145136472 -148.8653671538977 -1 -1 -1
p000001344 1 100000018 100000018 101 13.805271277367877 -148.865362898848 -1 -1 -1
p000001345 1 100000018 100000018 102 13.805271277367877 -148.86535864379826 -1 -1 -1
p000001346 1 100000018 100000018 103 13.805275409599282 -148.86535438874856 -1 -1 -1
p000001347 1 100000018 100000018 104 13.805275409599282 -148.86535013369883 -1 -1 -1
p000001348 1 100000018 100000018 105 13.805279541830688 -148.8653458786491 -1 -1 -1
p000001349 1 100000018 100000018 106 13.805279541830688 -148.8653416235994 -1 -1 -1
p000001350 1 100000018 100000018 107 13.805283674062093 -148.86533736854966 -1 -1 -1
p000001351 1 100000018 100000018 108 13.805283674062093 -148.86532885845023 -1 -1 -1
p000001352 1 100000018 100000018 109 13.805287806293498 -148.86532460340052 -1 -1 -1
p000001353 1 100000018 100000018 110 13.805287806293498 -148.8653203483508 -1 -1 -1
p000001354 1 100000018 100000018 111 13.805287806293498 -148.86531609330106 -1 -1 -1
p000001355 1 100000018 100000018 112 13.805291938524903 -148.86531183825136 -1 -1 -1
p000001356 1 100000018 100000018 113 13.805291938524903 -148.86530758320163 -1 -1 -1
p000001357 1 100000018 100000018 114 13.805296070756308 -148.86530332815192 -1 -1 -1
p000001358 1 100000018 100000018 115 13.805296070756308 -148.8652990731022 -1 -1 -1
p000001359 1 100000018 100000018 116 13.805300202987713 -148.86529056300276 -1 -1 -1
p000001360 1 100000018 100000018 117 13.805300202987713 -148.86528630795303 -1 -1 -1
p000001361 1 100000018 100000018 118 13.805304335219118 -148.86528205290332 -1 -1 -1
p000001362 1 100000018 100000018 119 13.805308467450523 -148.8652777978536 -1 -1 -1
p000001363 1 100000018 100000018 120 13.805308467450523 -148.8652735428039 -1 -1 -1
p000001364 1 100000018 100000018 121 13.805312599681928 -148.86526928775416 -1 -1 -1
p000001365 1 100000018 100000018 122 13.805316731913333 -148.86526503270446 -1 -1 -1
p000001366 1 100000018 100000018 123 13.805316731913333 -148.86526077765473 -1 -1 -1
p000001367 1 100000018 100000018 124 13.805320864144738 -148.865256522605 -1 -1 -1
p000001368 1 100000018 100000018 125 13.805324996376143 -148.8652522675553 -1 -1 -1
p000001369 1 100000018 100000018 126 13.805329128607548 -148.86524801250556 -1 -1 -1
p000001370 1 100000018 100000018 127 13.805329128607548 -148.86524375745586 -1 -1 -1
p000001371 1 100000018 100000018 128 13.805333260838951 -148.86523950240613 -1 -1 -1
p000001372 1 100000018 100000018 129 13.805337393070356 -148.86523524735642 -1 -1 -1
p000001373 1 100000018 100000018 130 13.805337393070356 -148.86523524735642 -1 -1 -1
p000001374 1 100000018 100000018 131 13.805341525301762 -148.8652309923067 -1 -1 -1
p000001375 1 100000018 100000018 132 13.805345657533167 -148.86522673725696 -1 -1 -1
p000001376 1 100000018 100000018 133 13.805345657533167 -148.86522248220726 -1 -1 -1
p000001377 1 100000018 100000018 134 13.805349789764572 -148.86521822715753 -1 -1 -1
p000001378 1 100000018 100000018 135 13.805349789764572 -148.8652097170581 -1 -1 -1
p000001379 1 100000018 100000018 136 13.805353921995977 -148.8652054620084 -1 -1 -1
p000001380 1 100000018 100000018 137 13.805353921995977 -148.86520120695866 -1 -1 -1
p000001381 1 100000018 100000018 138 13.805353921995977 -148.86519695190893 -1 -1 -1
p000001382 1 100000018 100000018 139 13.805358054227382 -148.86519269685922 -1 -1 -1
p000001383 1 100000018 100000018 140 13.805358054227382 -148.8651884418095 -1 -1 -1
p000001384 1 100000018 100000018 141 13.805358054227382 -148.8651841867598 -1 -1 -1
p000001385 1 100000018 100000018 142 13.805362186458787 -148.86517993171006 -1 -1 -1
p000001386 1 100000018 100000018 143 13.805362186458787 -148.86517142161063 -1 -1 -1
p000001387 1 100000018 100000018 144 13.805362186458787 -148.8651671665609 -1 -1 -1
p000001388 1 100000018 100000018 145 13.805366318690192 -148.8651629115112 -1 -1 -1
p000001389 1 100000018 100000018 146 13.805366318690192 -148.86515865646146 -1 -1 -1
p000001390 1 100000018 100000018 147 13.805366318690192 -148.86515440141176 -1 -1 -1
p000001391 1 100000018 100000018 148 13.805370450921597 -148.86515014636203 -1 -1 -1
p000001392 1 100000018 100000018 149 13.805370450921597 -148.86514589131232 -1 -1 -1
p000001393 1 100000018 100000018 150 13.805370450921597 -148.86513738121286 -1 -1 -1
p000001394 1 100000018 100000018 151 13.805374583153002 -148.86513312616316 -1 -1 -1
p000001395 1 100000018 100000018 152 13.805374583153002 -148.86512887111343 -1 -1 -1
p000001396 1 100000018 100000018 153 13.805374583153002 -148.86512461606372 -1 -1 -1
p000001397 1 100000018 100000018 154 13.805378715384407 -148.865120361014 -1 -1 -1
p000001398 1 100000018 100000018 155 13.805378715384407 -148.8651161059643 -1 -1 -1
p000001399 1 100000018 100000018 156 13.805378715384407 -148.86511185091456 -1 -1 -1
p000001400 1 100000018 100000018 157 13.805382847615812 -148.86510759586483 -1 -1 -1
p000001401 1 100000018 100000018 158 13.805382847615812 -148.86510334081512 -1 -1 -1
p000001402 1 100000018 100000018 159 13.805382847615812 -148.8650990857654 -1 -1 -1
p000001403 1 100000018 100000018 160 13.805386979847217 -148.8650948307157 -1 -1 -1
p000001404 1 100000018 100000018 161 13.805386979847217 -148.86509057566596 -1 -1 -1
p000001405 1 100000018 100000018 162 13.805386979847217 -148.86508632061626 -1 -1 -1
p000001406 1 100000018 100000018 163 13.805391112078622 -148.86508206556653 -1 -1 -1
p000001407 1 100000018 100000018 164 13.805391112078622 -148.8650778105168 -1 -1 -1
p000001408 1 100000018 100000018 165 13.805391112078622 -148.8650735554671 -1 -1 -1
p000001409 1 100000018 100000018 166 13.805395244310027 -148.86506930041736 -1 -1 -1
p000001410 1 100000018 100000018 167 13.805395244310027 -148.86506504536766 -1 -1 -1
p000001411 1 100000018 100000018 168 13.805395244310027 -148.86506079031793 -1 -1 -1
p000001412 1 100000018 100000018 169 13.805399376541432 -148.86505653526822 -1 -1 -1
p000001413 1 100000018 100000018 170 13.805399376541432 -148.8650522802185 -1 -1 -1
p000001414 1 100000018 100000018 171 13.805399376541432 -148.86504802516876 -1 -1 -1
p000001415 1 100000018 100000018 172 13.805403508772837 -148.86504377011906 -1 -1 -1
p000001416 1 100000018 100000018 173 13.805403508772837 -148.86503951506933 -1 -1 -1
p000001417 1 100000018 100000018 174 13.805403508772837 -148.86503526001962 -1 -1 -1
p000001418 1 100000018 100000018 175 13.805407641004242 -148.86503526001962 -1 -1 -1
p000001419 1 100000018 100000018 176 13.805407641004242 -148.8650267499202 -1 -1 -1
p000001420 1 100000018 100000018 177 13.805407641004242 -148.86502249487046 -1 -1 -1
p000001421 1 100000018 100000018 178 13.805411773235646 -148.86501823982073 -1 -1 -1
p000001422 1 100000018 100000018 179 13.805411773235646 -148.86501398477102 -1 -1 -1
p000001423 1 100000018 100000018 180 13.805411773235646 -148.8650097297213 -1 -1 -1
p000001424 1 100000018 100000018 181 13.805411773235646 -148.8650054746716 -1 -1 -1
p000001425 1 100000018 100000018 182 13.80541590546705 -148.86500121962186 -1 -1 -1
p000001426 1 100000018 100000018 183 13.80541590546705 -148.86499696457216 -1 -1 -1
p000001427 1 100000018 100000018 184 13.80541590546705 -148.86499270952243 -1 -1 -1
p000001428 1 100000018 100000018 185 13.805420037698456 -148.8649884544727 -1 -1 -1
p000001429 1 100000018 100000018 186 13.805420037698456 -148.864984199423 -1 -1 -1
p000001430 1 100000018 100000018 187 13.805420037698456 -148.86497994437326 -1 -1 -1
p000001431 1 100000018 100000018 188 13.80542416992986 -148.86497568932356 -1 -1 -1
p000001432 1 100000018 100000018 189 13.80542416992986 -148.86497143427383 -1 -1 -1
p000001433 1 100000018 100000018 190 13.80542416992986 -148.86496717922412 -1 -1 -1
p000001434 1 100000018 100000018 191 13.80542416992986 -148.8649629241744 -1 -1 -1
p000001435 1 100000018 100000018 192 13.805428302161266 -148.86495866912466 -1 -1 -1
p000001436 1 100000018 100000018 193 13.805428302161266 -148.86495441407496 -1 -1 -1
p000001437 1 100000018 100000018 194 13.805428302161266 -148.86495015902523 -1 -1 -1
p000001438 1 100000018 100000018 195 13.80543243439267 -148.86494590397552 -1 -1 -1
p000001439 1 100000018 100000018 196 13.80543243439267 -148.8649416489258 -1 -1 -1
p000001440 1 100000018 100000018 197 13.80543243439267 -148.86493313882636 -1 -1 -1
p000001441 1 100000018 100000018 198 13.805436566624076 -148.86492888377663 -1 -1 -1
p000001442 1 100000018 100000018 199 13.805436566624076 -148.86492462872692 -1 -1 -1
p000001443 1 100000018 100000018 200 13.805436566624076 -148.8649203736772 -1 -1 -1
