p000000000 1 100000008 100000008 1 13.801391112078623 -148.86573734322326 -1 -1 -1
p000000001 1 100000008 100000008 2 13.801378715384407 -148.865741598273 -1 -1 -1
p000000002 1 100000008 100000008 3 13.801386979847218 -148.86573734322326 -1 -1 -1
p000000003 1 100000008 100000008 4 13.801386979847218 -148.865741598273 -1 -1 -1
p000000004 1 100000008 100000008 5 13.801374583153002 -148.865741598273 -1 -1 -1
p000000005 1 100000008 100000008 6 13.801370450921597 -148.865741598273 -1 -1 -1
p000000006 1 100000008 100000008 7 13.801366318690192 -148.8657458533227 -1 -1 -1
p000000007 1 100000008 100000008 8 13.801362186458787 -148.865741598273 -1 -1 -1
p000000008 1 100000008 100000008 9 13.801358054227382 -148.8657458533227 -1 -1 -1
p000000009 1 100000008 100000008 10 13.801362186458787 -148.8657458533227 -1 -1 -1
p000000010 1 100000008 100000008 11 13.801362186458787 -148.86575010837242 -1 -1 -1
p000000011 1 100000008 100000008 12 13.801353921995977 -148.86575010837242 -1 -1 -1
p000000012 1 100000008 100000008 13 13.801353921995977 -148.8657458533227 -1 -1 -1
p000000013 1 100000008 100000008 14 13.801362186458787 -148.86575861847186 -1 -1 -1
p000000014 1 100000008 100000008 15 13.801349789764572 -148.86575010837242 -1 -1 -1
p000000015 1 100000008 100000008 16 13.801345657533167 -148.86575436342213 -1 -1 -1
p000000016 1 100000008 100000008 17 13.801349789764572 -148.86575861847186 -1 -1 -1
p000000017 1 100000008 100000008 18 13.801349789764572 -148.86575010837242 -1 -1 -1
p000000018 1 100000008 100000008 19 13.801337393070357 -148.86575436342213 -1 -1 -1
p000000019 1 100000008 100000008 20 13.801341525301762 -148.86575861847186 -1 -1 -1
p000000020 1 100000008 100000008 21 13.801341525301762 -148.86575436342213 -1 -1 -1
p000000021 1 100000008 100000008 22 13.801333260838952 -148.86575010837242 -1 -1 -1
p000000022 1 100000008 100000008 23 13.801337393070357 -148.86575861847186 -1 -1 -1
p000000023 1 100000008 100000008 24 13.801341525301762 -148.86575436342213 -1 -1 -1
p000000024 1 100000008 100000008 25 13.801337393070357 -148.86576287352156 -1 -1 -1
p000000025 1 100000008 100000008 26 13.801329128607547 -148.86575861847186 -1 -1 -1
p000000026 1 100000008 100000008 27 13.801320864144737 -148.86575861847186 -1 -1 -1
p000000027 1 100000008 100000008 28 13.801312599681928 -148.86575861847186 -1 -1 -1
p000000028 1 100000008 100000008 29 13.801324996376142 -148.86576287352156 -1 -1 -1
p000000029 1 100000008 100000008 30 13.801320864144737 -148.8657671285713 -1 -1 -1
p000000030 1 100000008 100000008 31 13.801320864144737 -148.86576287352156 -1 -1 -1
p000000031 1 100000008 100000008 32 13.801316731913332 -148.86575436342213 -1 -1 -1
p000000032 1 100000008 100000008 33 13.801308467450523 -148.86576287352156 -1 -1 -1
p000000033 1 100000008 100000008 34 13.801304335219118 -148.86576287352156 -1 -1 -1
p000000034 1 100000008 100000008 35 13.801304335219118 -148.86575436342213 -1 -1 -1
p000000035 1 100000008 100000008 36 13.801308467450523 -148.86576287352156 -1 -1 -1
p000000036 1 100000008 100000008 37 13.801296070756308 -148.86576287352156 -1 -1 -1
p000000037 1 100000008 100000008 38 13.801304335219118 -148.8657671285713 -1 -1 -1
p000000038 1 100000008 100000008 39 13.801304335219118 -148.86576287352156 -1 -1 -1
p000000039 1 100000008 100000008 40 13.801300202987713 -148.86577138362102 -1 -1 -1
p000000040 1 100000008 100000008 41 13.801291938524903 -148.86575861847186 -1 -1 -1
p000000041 1 100000008 100000008 42 13.801300202987713 -148.86577138362102 -1 -1 -1
p000000042 1 100000008 100000008 43 13.801296070756308 -148.8657671285713 -1 -1 -1
p000000043 1 100000008 100000008 44 13.801291938524903 -148.8657671285713 -1 -1 -1
p000000044 1 100000008 100000008 45 13.801291938524903 -148.86577138362102 -1 -1 -1
p000000045 1 100000008 100000008 46 13.801296070756308 -148.86576287352156 -1 -1 -1
p000000046 1 100000008 100000008 47 13.801291938524903 -148.8657671285713 -1 -1 -1
p000000047 1 100000008 100000008 48 13.801296070756308 -148.8657671285713 -1 -1 -1
p000000048 1 100000008 100000008 49 13.801283674062093 -148.86577138362102 -1 -1 -1
p000000049 1 100000008 100000008 50 13.801296070756308 -148.86577563867073 -1 -1 -1
p000000050 1 100000008 100000008 51 13.801283674062093 -148.86577989372046 -1 -1 -1
p000000051 1 100000008 100000008 52 13.801291938524903 -148.86577989372046 -1 -1 -1
p000000052 1 100000008 100000008 53 13.801271277367878 -148.86577989372046 -1 -1 -1
p000000053 1 100000008 100000008 54 13.801283674062093 -148.86578414877016 -1 -1 -1
p000000054 1 100000008 100000008 55 13.801283674062093 -148.86577563867073 -1 -1 -1
p000000055 1 100000008 100000008 56 13.801279541830688 -148.86578414877016 -1 -1 -1
p000000056 1 100000008 100000008 57 13.801263012905068 -148.86578414877016 -1 -1 -1
p000000057 1 100000008 100000008 58 13.801258880673663 -148.8657884038199 -1 -1 -1
p000000058 1 100000008 100000008 59 13.801258880673663 -148.86578414877016 -1 -1 -1
p000000059 1 100000008 100000008 60 13.801258880673663 -148.86578414877016 -1 -1 -1
p000000060 1 100000008 100000008 61 13.801267145136473 -148.8657884038199 -1 -1 -1
p000000061 1 100000008 100000008 62 13.801263012905068 -148.86577989372046 -1 -1 -1
p000000062 1 100000008 100000008 63 13.801254748442258 -148.86577989372046 -1 -1 -1
p000000063 1 100000008 100000008 64 13.801254748442258 -148.86578414877016 -1 -1 -1
p000000064 1 100000008 100000008 65 13.801254748442258 -148.86577989372046 -1 -1 -1
p000000065 1 100000008 100000008 66 13.801246483979448 -148.86578414877016 -1 -1 -1
p000000066 1 100000008 100000008 67 13.801238219516637 -148.86578414877016 -1 -1 -1
p000000067 1 100000008 100000008 68 13.801234087285234 -148.86577563867073 -1 -1 -1
p000000068 1 100000008 100000008 69 13.801234087285234 -148.86578414877016 -1 -1 -1
p000000069 1 100000008 100000008 70 13.801242351748042 -148.86577989372046 -1 -1 -1
p000000070 1 100000008 100000008 71 13.801238219516637 -148.86577989372046 -1 -1 -1
p000000071 1 100000008 100000008 72 13.801229955053829 -148.8657884038199 -1 -1 -1
p000000072 1 100000008 100000008 73 13.801221690591019 -148.8657884038199 -1 -1 -1
p000000073 1 100000008 100000008 74 13.801221690591019 -148.86579691391933 -1 -1 -1
p000000074 1 100000008 100000008 75 13.801225822822424 -148.8657884038199 -1 -1 -1
p000000075 1 100000008 100000008 76 13.801229955053829 -148.8657884038199 -1 -1 -1
p000000076 1 100000008 100000008 77 13.801225822822424 -148.8657884038199 -1 -1 -1
p000000077 1 100000008 100000008 78 13.801221690591019 -148.8657926588696 -1 -1 -1
p000000078 1 100000008 100000008 79 13.801217558359614 -148.86578414877016 -1 -1 -1
p000000079 1 100000008 100000008 80 13.801209293896804 -148.8657884038199 -1 -1 -1
p000000080 1 100000008 100000008 81 13.801209293896804 -148.86578414877016 -1 -1 -1
p000000081 1 100000008 100000008 82 13.801196897202589 -148.8657926588696 -1 -1 -1
p000000082 1 100000008 100000008 83 13.801201029433994 -148.8657926588696 -1 -1 -1
p000000083 1 100000008 100000008 84 13.801205161665399 -148.8657884038199 -1 -1 -1
p000000084 1 100000008 100000008 85 13.801213426128209 -148.86579691391933 -1 -1 -1
p000000085 1 100000008 100000008 86 13.801205161665399 -148.8657884038199 -1 -1 -1
p000000086 1 100000008 100000008 87 13.801196897202589 -148.86579691391933 -1 -1 -1
p000000087 1 100000008 100000008 88 13.801192764971184 -148.86579691391933 -1 -1 -1
p000000088 1 100000008 100000008 89 13.801172103814158 -148.86580116896906 -1 -1 -1
p000000089 1 100000008 100000008 90 13.801188632739779 -148.8657884038199 -1 -1 -1
p000000090 1 100000008 100000008 91 13.801163839351348 -148.86579691391933 -1 -1 -1
p000000091 1 100000008 100000008 92 13.801184500508374 -148.86580116896906 -1 -1 -1
p000000092 1 100000008 100000008 93 13.801176236045563 -148.86580542401876 -1 -1 -1
p000000093 1 100000008 100000008 94 13.801172103814158 -148.86579691391933 -1 -1 -1
p000000094 1 100000008 100000008 95 13.801167971582753 -148.86580116896906 -1 -1 -1
p000000095 1 100000008 100000008 96 13.801167971582753 -148.86580542401876 -1 -1 -1
p000000096 1 100000008 100000008 97 13.801159707119943 -148.86579691391933 -1 -1 -1
p000000097 1 100000008 100000008 98 13.801167971582753 -148.86580116896906 -1 -1 -1
p000000098 1 100000008 100000008 99 13.801163839351348 -148.86580542401876 -1 -1 -1
p000000099 1 100000008 100000008 100 13.801159707119943 -148.86580542401876 -1 -1 -1
p000000100 1 100000008 100000008 101 13.801163839351348 -148.8658096790685 -1 -1 -1
p000000101 1 100000008 100000008 102 13.80114731042573 -148.86580116896906 -1 -1 -1
p000000102 1 100000008 100000008 103 13.801143178194325 -148.8657926588696 -1 -1 -1
p000000103 1 100000008 100000008 104 13.801155574888538 -148.8658139341182 -1 -1 -1
p000000104 1 100000008 100000008 105 13.801159707119943 -148.8658139341182 -1 -1 -1
p000000105 1 100000008 100000008 106 13.80114731042573 -148.8658096790685 -1 -1 -1
p000000106 1 100000008 100000008 107 13.801163839351348 -148.8658139341182 -1 -1 -1
p000000107 1 100000008 100000008 108 13.80114731042573 -148.86580542401876 -1 -1 -1
p000000108 1 100000008 100000008 109 13.80114731042573 -148.8658096790685 -1 -1 -1
p000000109 1 100000008 100000008 110 13.80114731042573 -148.86582244421763 -1 -1 -1
p000000110 1 100000008 100000008 111 13.80114731042573 -148.8658139341182 -1 -1 -1
p000000111 1 100000008 100000008 112 13.80114731042573 -148.8658139341182 -1 -1 -1
p000000112 1 100000008 100000008 113 13.801143178194325 -148.8658139341182 -1 -1 -1
p000000113 1 100000008 100000008 114 13.80114731042573 -148.8658096790685 -1 -1 -1
p000000114 1 100000008 100000008 115 13.80114731042573 -148.86580542401876 -1 -1 -1
p000000115 1 100000008 100000008 116 13.801134913731515 -148.8658139341182 -1 -1 -1
p000000116 1 100000008 100000008 117 13.80113078150011 -148.86581818916792 -1 -1 -1
p000000117 1 100000008 100000008 118 13.80113078150011 -148.8658139341182 -1 -1 -1
p000000118 1 100000008 100000008 119 13.80111425257449 -148.8658096790685 -1 -1 -1
p000000119 1 100000008 100000008 120 13.80113078150011 -148.8658096790685 -1 -1 -1
p000000120 1 100000008 100000008 121 13.801110120343084 -148.8658139341182 -1 -1 -1
p000000121 1 100000008 100000008 122 13.80111425257449 -148.86582244421763 -1 -1 -1
p000000122 1 100000008 100000008 123 13.801110120343084 -148.8658139341182 -1 -1 -1
p000000123 1 100000008 100000008 124 13.80109772364887 -148.86582244421763 -1 -1 -1
p000000124 1 100000008 100000008 125 13.80110598811168 -148.8658096790685 -1 -1 -1
p000000125 1 100000008 100000008 126 13.801093591417464 -148.86582244421763 -1 -1 -1
p000000126 1 100000008 100000008 127 13.801093591417464 -148.86581818916792 -1 -1 -1
p000000127 1 100000008 100000008 128 13.80108945918606 -148.8658139341182 -1 -1 -1
p000000128 1 100000008 100000008 129 13.80107293026044 -148.86581818916792 -1 -1 -1
p000000129 1 100000008 100000008 130 13.801085326954654 -148.86582669926736 -1 -1 -1
p000000130 1 100000008 100000008 131 13.80106466579763 -148.8658139341182 -1 -1 -1
p000000131 1 100000008 100000008 132 13.801093591417464 -148.86581818916792 -1 -1 -1
p000000132 1 100000008 100000008 133 13.801085326954654 -148.86581818916792 -1 -1 -1
p000000133 1 100000008 100000008 134 13.801085326954654 -148.86581818916792 -1 -1 -1
p000000134 1 100000008 100000008 135 13.80107293026044 -148.86581818916792 -1 -1 -1
p000000135 1 100000008 100000008 136 13.80107293026044 -148.86582244421763 -1 -1 -1
p000000136 1 100000008 100000008 137 13.801077062491844 -148.86581818916792 -1 -1 -1
p000000137 1 100000008 100000008 138 13.801068798029036 -148.86582669926736 -1 -1 -1
p000000138 1 100000008 100000008 139 13.801068798029036 -148.86582244421763 -1 -1 -1
p000000139 1 100000008 100000008 140 13.801068798029036 -148.86582244421763 -1 -1 -1
p000000140 1 100000008 100000008 141 13.801068798029036 -148.86581818916792 -1 -1 -1
p000000141 1 100000008 100000008 142 13.801068798029036 -148.86582244421763 -1 -1 -1
p000000142 1 100000008 100000008 143 13.801081194723249 -148.86581818916792 -1 -1 -1
p000000143 1 100000008 100000008 144 13.801060533566226 -148.86582244421763 -1 -1 -1
p000000144 1 100000008 100000008 145 13.801081194723249 -148.86582244421763 -1 -1 -1
p000000145 1 100000008 100000008 146 13.80106466579763 -148.86582244421763 -1 -1 -1
p000000146 1 100000008 100000008 147 13.80106466579763 -148.86582669926736 -1 -1 -1
p000000147 1 100000008 100000008 148 13.80104813687201 -148.86581818916792 -1 -1 -1
p000000148 1 100000008 100000008 149 13.80104813687201 -148.86582244421763 -1 -1 -1
p000000149 1 100000008 100000008 150 13.80105640133482 -148.86582244421763 -1 -1 -1
p000000150 1 100000008 100000008 151 13.8010398724092 -148.8658309543171 -1 -1 -1
p000000151 1 100000008 100000008 152 13.80104813687201 -148.8658309543171 -1 -1 -1
p000000152 1 100000008 100000008 153 13.8010398724092 -148.86582244421763 -1 -1 -1
p000000153 1 100000008 100000008 154 13.801044004640605 -148.8658352093668 -1 -1 -1
p000000154 1 100000008 100000008 155 13.80103160794639 -148.86582669926736 -1 -1 -1
p000000155 1 100000008 100000008 156 13.80103160794639 -148.86582669926736 -1 -1 -1
p000000156 1 100000008 100000008 157 13.8010398724092 -148.8658309543171 -1 -1 -1
p000000157 1 100000008 100000008 158 13.801027475714985 -148.86582669926736 -1 -1 -1
p000000158 1 100000008 100000008 159 13.80103160794639 -148.8658352093668 -1 -1 -1
p000000159 1 100000008 100000008 160 13.80102334348358 -148.8658309543171 -1 -1 -1
p000000160 1 100000008 100000008 161 13.801010946789365 -148.8658309543171 -1 -1 -1
p000000161 1 100000008 100000008 162 13.801027475714985 -148.8658309543171 -1 -1 -1
p000000162 1 100000008 100000008 163 13.801027475714985 -148.8658352093668 -1 -1 -1
p000000163 1 100000008 100000008 164 13.80101507902077 -148.86583946441652 -1 -1 -1
p000000164 1 100000008 100000008 165 13.801019211252175 -148.8658352093668 -1 -1 -1
p000000165 1 100000008 100000008 166 13.80101507902077 -148.86583946441652 -1 -1 -1
p000000166 1 100000008 100000008 167 13.801002682326555 -148.8658309543171 -1 -1 -1
p000000167 1 100000008 100000008 168 13.801002682326555 -148.8658352093668 -1 -1 -1
p000000168 1 100000008 100000008 169 13.801019211252175 -148.8658309543171 -1 -1 -1
p000000169 1 100000008 100000008 170 13.800986153400936 -148.8658309543171 -1 -1 -1
p000000170 1 100000008 100000008 171 13.801002682326555 -148.86583946441652 -1 -1 -1
p000000171 1 100000008 100000008 172 13.80102334348358 -148.8658352093668 -1 -1 -1
p000000172 1 100000008 100000008 173 13.801002682326555 -148.86583946441652 -1 -1 -1
p000000173 1 100000008 100000008 174 13.80100681455796 -148.8658352093668 -1 -1 -1
p000000174 1 100000008 100000008 175 13.800990285632341 -148.8658309543171 -1 -1 -1
p000000175 1 100000008 100000008 176 13.80100681455796 -148.8658352093668 -1 -1 -1
p000000176 1 100000008 100000008 177 13.80100681455796 -148.8658309543171 -1 -1 -1
p000000177 1 100000008 100000008 178 13.800986153400936 -148.8658309543171 -1 -1 -1
p000000178 1 100000008 100000008 179 13.800994417863746 -148.86582244421763 -1 -1 -1
p000000179 1 100000008 100000008 180 13.80100681455796 -148.8658352093668 -1 -1 -1
p000000180 1 100000008 100000008 181 13.80099855009515 -148.8658352093668 -1 -1 -1
p000000181 1 100000008 100000008 182 13.80101507902077 -148.8658352093668 -1 -1 -1
p000000182 1 100000008 100000008 183 13.80101507902077 -148.8658352093668 -1 -1 -1
p000000183 1 100000008 100000008 184 13.801002682326555 -148.8658309543171 -1 -1 -1
p000000184 1 100000008 100000008 185 13.801002682326555 -148.8658309543171 -1 -1 -1
p000000185 1 100000008 100000008 186 13.800994417863746 -148.8658309543171 -1 -1 -1
p000000186 1 100000008 100000008 187 13.800990285632341 -148.86584371946623 -1 -1 -1
p000000187 1 100000008 100000008 188 13.800986153400936 -148.8658309543171 -1 -1 -1
p000000188 1 100000008 100000008 189 13.80099855009515 -148.8658309543171 -1 -1 -1
p000000189 1 100000008 100000008 190 13.801002682326555 -148.8658352093668 -1 -1 -1
p000000190 1 100000008 100000008 191 13.800990285632341 -148.8658309543171 -1 -1 -1
p000000191 1 100000008 100000008 192 13.800990285632341 -148.8658352093668 -1 -1 -1
p000000192 1 100000008 100000008 193 13.800982021169531 -148.86583946441652 -1 -1 -1
p000000193 1 100000008 100000008 194 13.80100681455796 -148.86583946441652 -1 -1 -1
p000000194 1 100000008 100000008 195 13.800982021169531 -148.8658352093668 -1 -1 -1
p000000195 1 100000008 100000008 196 13.800990285632341 -148.8658352093668 -1 -1 -1
p000000196 1 100000008 100000008 197 13.800986153400936 -148.86584371946623 -1 -1 -1
p000000197 1 100000008 100000008 198 13.800994417863746 -148.8658352093668 -1 -1 -1
p000000198 1 100000008 100000008 199 13.800965492243911 -148.86585222956566 -1 -1 -1
p000000199 1 100000008 100000008 200 13.800982021169531 -148.86585222956566 -1 -1 -1
p000000200 1 100000008 100000008 201 13.800965492243911 -148.86584797451596 -1 -1 -1
p000000201 1 100000008 100000008 202 13.800957227781101 -148.86585222956566 -1 -1 -1
p000000202 1 100000008 100000008 203 13.800965492243911 -148.86584797451596 -1 -1 -1
p000000203 1 100000008 100000008 204 13.800965492243911 -148.8658564846154 -1 -1 -1
p000000204 1 100000008 100000008 205 13.800969624475316 -148.86586073966512 -1 -1 -1
p000000205 1 100000008 100000008 206 13.800957227781101 -148.86585222956566 -1 -1 -1
p000000206 1 100000008 100000008 207 13.800953095549696 -148.86585222956566 -1 -1 -1
p000000207 1 100000008 100000008 208 13.800957227781101 -148.86586073966512 -1 -1 -1
p000000208 1 100000008 100000008 209 13.800953095549696 -148.8658564846154 -1 -1 -1
p000000209 1 100000008 100000008 210 13.80094069885548 -148.8658564846154 -1 -1 -1
p000000210 1 100000008 100000008 211 13.800936566624076 -148.86585222956566 -1 -1 -1
p000000211 1 100000008 100000008 212 13.800928302161266 -148.8658564846154 -1 -1 -1
p000000212 1 100000008 100000008 213 13.800920037698456 -148.86585222956566 -1 -1 -1
p000000213 1 100000008 100000008 214 13.80093243439267 -148.86586073966512 -1 -1 -1
p000000214 1 100000008 100000008 215 13.800911773235647 -148.86585222956566 -1 -1 -1
p000000215 1 100000008 100000008 216 13.800911773235647 -148.8658564846154 -1 -1 -1
p000000216 1 100000008 100000008 217 13.800907641004242 -148.8658564846154 -1 -1 -1
p000000217 1 100000008 100000008 218 13.800915905467052 -148.86586073966512 -1 -1 -1
