p000000967 1 100000015 100000015 1 24.558152359077546 -178.2265246808928 -1 -1 -1
p000000968 1 100000015 100000015 2 24.558152359077546 -178.2265246808928 -1 -1 -1
p000000969 1 100000015 100000015 3 24.558152359077546 -178.22652013774757 -1 -1 -1
p000000970 1 100000015 100000015 4 24.558160623540356 -178.22651559460235 -1 -1 -1
p000000971 1 100000015 100000015 5 24.55816475577176 -178.22652013774757 -1 -1 -1
p000000972 1 100000015 100000015 6 24.558160623540356 -178.22651559460235 -1 -1 -1
p000000973 1 100000015 100000015 7 24.55817302023457 -178.22652013774757 -1 -1 -1
p000000974 1 100000015 100000015 8 24.55817302023457 -178.22651559460235 -1 -1 -1
p000000975 1 100000015 100000015 9 24.55817302023457 -178.22651105145712 -1 -1 -1
p000000976 1 100000015 100000015 10 24.558177152465976 -178.22651559460235 -1 -1 -1
p000000977 1 100000015 100000015 11 24.55817302023457 -178.22651559460235 -1 -1 -1
p000000978 1 100000015 100000015 12 24.55818128469738 -178.22651559460235 -1 -1 -1
p000000979 1 100000015 100000015 13 24.55818128469738 -178.22652013774757 -1 -1 -1
p000000980 1 100000015 100000015 14 24.558185416928787 -178.22651559460235 -1 -1 -1
p000000981 1 100000015 100000015 15 24.558185416928787 -178.22651559460235 -1 -1 -1
p000000982 1 100000015 100000015 16 24.55818954916019 -178.22651559460235 -1 -1 -1
p000000983 1 100000015 100000015 17 24.558201945854407 -178.22651559460235 -1 -1 -1
p000000984 1 100000015 100000015 18 24.558201945854407 -178.22652013774757 -1 -1 -1
p000000985 1 100000015 100000015 19 24.55820607808581 -178.22651105145712 -1 -1 -1
p000000986 1 100000015 100000015 20 24.558210210317217 -178.22651105145712 -1 -1 -1
p000000987 1 100000015 100000015 21 24.558210210317217 -178.22651559460235 -1 -1 -1
p000000988 1 100000015 100000015 22 24.558218474780027 -178.22651559460235 -1 -1 -1
p000000989 1 100000015 100000015 23 24.55822260701143 -178.22652013774757 -1 -1 -1
p000000990 1 100000015 100000015 24 24.55822260701143 -178.22651559460235 -1 -1 -1
p000000991 1 100000015 100000015 25 24.55822260701143 -178.22652013774757 -1 -1 -1
p000000992 1 100000015 100000015 26 24.558226739242837 -178.22651559460235 -1 -1 -1
p000000993 1 100000015 100000015 27 24.55823087147424 -178.22652013774757 -1 -1 -1
p000000994 1 100000015 100000015 28 24.558235003705647 -178.22651559460235 -1 -1 -1
p000000995 1 100000015 100000015 29 24.558243268168454 -178.22652013774757 -1 -1 -1
p000000996 1 100000015 100000015 30 24.55823913593705 -178.22651559460235 -1 -1 -1
p000000997 1 100000015 100000015 31 24.55824740039986 -178.22651559460235 -1 -1 -1
p000000998 1 100000015 100000015 32 24.558243268168454 -178.22651559460235 -1 -1 -1
p000000999 1 100000015 100000015 33 24.558251532631264 -178.22651559460235 -1 -1 -1
p000001000 1 100000015 100000015 34 24.558251532631264 -178.22651559460235 -1 -1 -1
p000001001 1 100000015 100000015 35 24.558251532631264 -178.22651559460235 -1 -1 -1
p000001002 1 100000015 100000015 36 24.558259797094074 -178.22651559460235 -1 -1 -1
p000001003 1 100000015 100000015 37 24.558259797094074 -178.22651105145712 -1 -1 -1
p000001004 1 100000015 100000015 38 24.55826392932548 -178.22651559460235 -1 -1 -1
p000001005 1 100000015 100000015 39 24.558268061556884 -178.22651105145712 -1 -1 -1
p000001006 1 100000015 100000015 40 24.558268061556884 -178.22651105145712 -1 -1 -1
p000001007 1 100000015 100000015 41 24.558276326019694 -178.22651105145712 -1 -1 -1
p000001008 1 100000015 100000015 42 24.558276326019694 -178.22651105145712 -1 -1 -1
p000001009 1 100000015 100000015 43 24.5582804582511 -178.22651559460235 -1 -1 -1
p000001010 1 100000015 100000015 44 24.5582804582511 -178.22651105145712 -1 -1 -1
p000001011 1 100000015 100000015 45 24.5582804582511 -178.22651559460235 -1 -1 -1
p000001012 1 100000015 100000015 46 24.558284590482504 -178.22651105145712 -1 -1 -1
p000001013 1 100000015 100000015 47 24.55828872271391 -178.22651105145712 -1 -1 -1
p000001014 1 100000015 100000015 48 24.558292854945314 -178.22651105145712 -1 -1 -1
p000001015 1 100000015 100000015 49 24.55829698717672 -178.22651105145712 -1 -1 -1
p000001016 1 100000015 100000015 50 24.55830525163953 -178.22651105145712 -1 -1 -1
p000001017 1 100000015 100000015 51 24.558309383870935 -178.22651559460235 -1 -1 -1
p000001018 1 100000015 100000015 52 24.55831351610234 -178.22651105145712 -1 -1 -1
p000001019 1 100000015 100000015 53 24.558317648333745 -178.22651559460235 -1 -1 -1
p000001020 1 100000015 100000015 54 24.558317648333745 -178.22651559460235 -1 -1 -1
p000001021 1 100000015 100000015 55 24.558325912796555 -178.22651559460235 -1 -1 -1
p000001022 1 100000015 100000015 56 24.558321780565148 -178.22651105145712 -1 -1 -1
p000001023 1 100000015 100000015 57 24.558325912796555 -178.2265065083119 -1 -1 -1
p000001024 1 100000015 100000015 58 24.558325912796555 -178.2265065083119 -1 -1 -1
p000001025 1 100000015 100000015 59 24.558325912796555 -178.22651105145712 -1 -1 -1
p000001026 1 100000015 100000015 60 24.558325912796555 -178.22651105145712 -1 -1 -1
p000001027 1 100000015 100000015 61 24.558338309490768 -178.22651105145712 -1 -1 -1
p000001028 1 100000015 100000015 62 24.558342441722175 -178.2265065083119 -1 -1 -1
p000001029 1 100000015 100000015 63 24.55834657395358 -178.2265065083119 -1 -1 -1
p000001030 1 100000015 100000015 64 24.55834657395358 -178.22651559460235 -1 -1 -1
p000001031 1 100000015 100000015 65 24.55834657395358 -178.2265065083119 -1 -1 -1
p000001032 1 100000015 100000015 66 24.55835483841639 -178.2265065083119 -1 -1 -1
p000001033 1 100000015 100000015 67 24.558350706184985 -178.22651105145712 -1 -1 -1
p000001034 1 100000015 100000015 68 24.55835483841639 -178.22649742202145 -1 -1 -1
p000001035 1 100000015 100000015 69 24.55835483841639 -178.22651105145712 -1 -1 -1
p000001036 1 100000015 100000015 70 24.5583631028792 -178.2265065083119 -1 -1 -1
p000001037 1 100000015 100000015 71 24.558367235110605 -178.2265065083119 -1 -1 -1
p000001038 1 100000015 100000015 72 24.558367235110605 -178.2265065083119 -1 -1 -1
p000001039 1 100000015 100000015 73 24.55837136734201 -178.2265065083119 -1 -1 -1
p000001040 1 100000015 100000015 74 24.55837963180482 -178.22650196516668 -1 -1 -1
p000001041 1 100000015 100000015 75 24.55837963180482 -178.2265065083119 -1 -1 -1
p000001042 1 100000015 100000015 76 24.55838789626763 -178.22650196516668 -1 -1 -1
p000001043 1 100000015 100000015 77 24.55838789626763 -178.22650196516668 -1 -1 -1
p000001044 1 100000015 100000015 78 24.55838789626763 -178.22650196516668 -1 -1 -1
p000001045 1 100000015 100000015 79 24.55839616073044 -178.22650196516668 -1 -1 -1
p000001046 1 100000015 100000015 80 24.55839616073044 -178.2265065083119 -1 -1 -1
p000001047 1 100000015 100000015 81 24.55840442519325 -178.22650196516668 -1 -1 -1
p000001048 1 100000015 100000015 82 24.55840442519325 -178.22649742202145 -1 -1 -1
p000001049 1 100000015 100000015 83 24.55840442519325 -178.2265065083119 -1 -1 -1
p000001050 1 100000015 100000015 84 24.558408557424652 -178.2265065083119 -1 -1 -1
p000001051 1 100000015 100000015 85 24.558408557424652 -178.22650196516668 -1 -1 -1
p000001052 1 100000015 100000015 86 24.55841268965606 -178.22650196516668 -1 -1 -1
p000001053 1 100000015 100000015 87 24.55842095411887 -178.22651105145712 -1 -1 -1
p000001054 1 100000015 100000015 88 24.55842095411887 -178.22650196516668 -1 -1 -1
p000001055 1 100000015 100000015 89 24.55842921858168 -178.22650196516668 -1 -1 -1
p000001056 1 100000015 100000015 90 24.55842921858168 -178.22650196516668 -1 -1 -1
p000001057 1 100000015 100000015 91 24.558433350813083 -178.22650196516668 -1 -1 -1
p000001058 1 100000015 100000015 92 24.558433350813083 -178.22650196516668 -1 -1 -1
p000001059 1 100000015 100000015 93 24.55843748304449 -178.22649742202145 -1 -1 -1
p000001060 1 100000015 100000015 94 24.558433350813083 -178.22649742202145 -1 -1 -1
p000001061 1 100000015 100000015 95 24.558441615275893 -178.22649742202145 -1 -1 -1
p000001062 1 100000015 100000015 96 24.5584457475073 -178.22649742202145 -1 -1 -1
p000001063 1 100000015 100000015 97 24.558449879738703 -178.22650196516668 -1 -1 -1
p000001064 1 100000015 100000015 98 24.55845401197011 -178.22649742202145 -1 -1 -1
p000001065 1 100000015 100000015 99 24.55845401197011 -178.22650196516668 -1 -1 -1
p000001066 1 100000015 100000015 100 24.558458144201513 -178.2265065083119 -1 -1 -1
p000001067 1 100000015 100000015 101 24.55846227643292 -178.22650196516668 -1 -1 -1
p000001068 1 100000015 100000015 102 24.558466408664323 -178.22650196516668 -1 -1 -1
p000001069 1 100000015 100000015 103 24.558466408664323 -178.22650196516668 -1 -1 -1
p000001070 1 100000015 100000015 104 24.558466408664323 -178.22650196516668 -1 -1 -1
p000001071 1 100000015 100000015 105 24.55847054089573 -178.22649742202145 -1 -1 -1
p000001072 1 100000015 100000015 106 24.558474673127133 -178.22649742202145 -1 -1 -1
p000001073 1 100000015 100000015 107 24.558482937589943 -178.22649742202145 -1 -1 -1
p000001074 1 100000015 100000015 108 24.558482937589943 -178.2265065083119 -1 -1 -1
p000001075 1 100000015 100000015 109 24.558482937589943 -178.22649742202145 -1 -1 -1
p000001076 1 100000015 100000015 110 24.558482937589943 -178.22649742202145 -1 -1 -1
p000001077 1 100000015 100000015 111 24.558495334284157 -178.22650196516668 -1 -1 -1
p000001078 1 100000015 100000015 112 24.558503598746967 -178.22649742202145 -1 -1 -1
p000001079 1 100000015 100000015 113 24.558499466515563 -178.22649287887623 -1 -1 -1
p000001080 1 100000015 100000015 114 24.558503598746967 -178.22649742202145 -1 -1 -1
p000001081 1 100000015 100000015 115 24.558503598746967 -178.22650196516668 -1 -1 -1
p000001082 1 100000015 100000015 116 24.558507730978373 -178.22649742202145 -1 -1 -1
p000001083 1 100000015 100000015 117 24.558511863209777 -178.22649742202145 -1 -1 -1
p000001084 1 100000015 100000015 118 24.558511863209777 -178.22650196516668 -1 -1 -1
p000001085 1 100000015 100000015 119 24.558515995441184 -178.22649287887623 -1 -1 -1
p000001086 1 100000015 100000015 120 24.558515995441184 -178.22649742202145 -1 -1 -1
p000001087 1 100000015 100000015 121 24.558520127672587 -178.22649287887623 -1 -1 -1
p000001088 1 100000015 100000015 122 24.558528392135397 -178.22649742202145 -1 -1 -1
p000001089 1 100000015 100000015 123 24.558528392135397 -178.22649742202145 -1 -1 -1
p000001090 1 100000015 100000015 124 24.558528392135397 -178.22649742202145 -1 -1 -1
p000001091 1 100000015 100000015 125 24.558532524366804 -178.22650196516668 -1 -1 -1
p000001092 1 100000015 100000015 126 24.558540788829614 -178.22649742202145 -1 -1 -1
p000001093 1 100000015 100000015 127 24.558549053292424 -178.22650196516668 -1 -1 -1
p000001094 1 100000015 100000015 128 24.558544921061017 -178.22649742202145 -1 -1 -1
p000001095 1 100000015 100000015 129 24.558549053292424 -178.22649287887623 -1 -1 -1
p000001096 1 100000015 100000015 130 24.558549053292424 -178.22648379258578 -1 -1 -1
p000001097 1 100000015 100000015 131 24.55855731775523 -178.22649287887623 -1 -1 -1
p000001098 1 100000015 100000015 132 24.558553185523827 -178.22649287887623 -1 -1 -1
p000001099 1 100000015 100000015 133 24.558561449986637 -178.22649742202145 -1 -1 -1
p000001100 1 100000015 100000015 134 24.55856558221804 -178.22649742202145 -1 -1 -1
p000001101 1 100000015 100000015 135 24.55856558221804 -178.22649742202145 -1 -1 -1
p000001102 1 100000015 100000015 136 24.558569714449447 -178.22649287887623 -1 -1 -1
p000001103 1 100000015 100000015 137 24.55856558221804 -178.226488335731 -1 -1 -1
p000001104 1 100000015 100000015 138 24.55857384668085 -178.226488335731 -1 -1 -1
p000001105 1 100000015 100000015 139 24.558569714449447 -178.226488335731 -1 -1 -1
p000001106 1 100000015 100000015 140 24.55858211114366 -178.226488335731 -1 -1 -1
p000001107 1 100000015 100000015 141 24.558577978912258 -178.22648379258578 -1 -1 -1
p000001108 1 100000015 100000015 142 24.558586243375068 -178.226488335731 -1 -1 -1
p000001109 1 100000015 100000015 143 24.55859037560647 -178.226488335731 -1 -1 -1
p000001110 1 100000015 100000015 144 24.558586243375068 -178.22649287887623 -1 -1 -1
p000001111 1 100000015 100000015 145 24.55859864006928 -178.226488335731 -1 -1 -1
p000001112 1 100000015 100000015 146 24.55859864006928 -178.226488335731 -1 -1 -1
p000001113 1 100000015 100000015 147 24.558602772300688 -178.226488335731 -1 -1 -1
p000001114 1 100000015 100000015 148 24.55860690453209 -178.22649287887623 -1 -1 -1
p000001115 1 100000015 100000015 149 24.55860690453209 -178.226488335731 -1 -1 -1
p000001116 1 100000015 100000015 150 24.5586151689949 -178.226488335731 -1 -1 -1
p000001117 1 100000015 100000015 151 24.558619301226308 -178.22649287887623 -1 -1 -1
p000001118 1 100000015 100000015 152 24.558619301226308 -178.22649287887623 -1 -1 -1
p000001119 1 100000015 100000015 153 24.55862343345771 -178.226488335731 -1 -1 -1
p000001120 1 100000015 100000015 154 24.55862343345771 -178.226488335731 -1 -1 -1
p000001121 1 100000015 100000015 155 24.558627565689118 -178.22649287887623 -1 -1 -1
p000001122 1 100000015 100000015 156 24.558627565689118 -178.226488335731 -1 -1 -1
p000001123 1 100000015 100000015 157 24.558627565689118 -178.226488335731 -1 -1 -1
p000001124 1 100000015 100000015 158 24.55863169792052 -178.226488335731 -1 -1 -1
p000001125 1 100000015 100000015 159 24.558635830151925 -178.226488335731 -1 -1 -1
p000001126 1 100000015 100000015 160 24.558644094614735 -178.226488335731 -1 -1 -1
p000001127 1 100000015 100000015 161 24.55864822684614 -178.226488335731 -1 -1 -1
p000001128 1 100000015 100000015 162 24.558652359077545 -178.226488335731 -1 -1 -1
p000001129 1 100000015 100000015 163 24.558652359077545 -178.226488335731 -1 -1 -1
p000001130 1 100000015 100000015 164 24.558656491308952 -178.226488335731 -1 -1 -1
p000001131 1 100000015 100000015 165 24.558656491308952 -178.226488335731 -1 -1 -1
p000001132 1 100000015 100000015 166 24.558660623540355 -178.226488335731 -1 -1 -1
p000001133 1 100000015 100000015 167 24.558664755771762 -178.226488335731 -1 -1 -1
p000001134 1 100000015 100000015 168 24.558668888003165 -178.22648379258578 -1 -1 -1
p000001135 1 100000015 100000015 169 24.558673020234572 -178.22648379258578 -1 -1 -1
p000001136 1 100000015 100000015 170 24.558681284697382 -178.226488335731 -1 -1 -1
p000001137 1 100000015 100000015 171 24.558677152465975 -178.22648379258578 -1 -1 -1
p000001138 1 100000015 100000015 172 24.558681284697382 -178.22648379258578 -1 -1 -1
p000001139 1 100000015 100000015 173 24.558685416928785 -178.22648379258578 -1 -1 -1
p000001140 1 100000015 100000015 174 24.558693681391595 -178.22648379258578 -1 -1 -1
p000001141 1 100000015 100000015 175 24.558689549160192 -178.226488335731 -1 -1 -1
p000001142 1 100000015 100000015 176 24.558693681391595 -178.22648379258578 -1 -1 -1
p000001143 1 100000015 100000015 177 24.558697813623002 -178.22648379258578 -1 -1 -1
p000001144 1 100000015 100000015 178 24.558701945854406 -178.22648379258578 -1 -1 -1
p000001145 1 100000015 100000015 179 24.558706078085812 -178.22648379258578 -1 -1 -1
p000001146 1 100000015 100000015 180 24.558706078085812 -178.22648379258578 -1 -1 -1
p000001147 1 100000015 100000015 181 24.558706078085812 -178.22648379258578 -1 -1 -1
p000001148 1 100000015 100000015 182 24.558710210317216 -178.226488335731 -1 -1 -1
p000001149 1 100000015 100000015 183 24.558718474780026 -178.22647924944056 -1 -1 -1
p000001150 1 100000015 100000015 184 24.55871434254862 -178.22648379258578 -1 -1 -1
