p000000647 1 100000006 100000006 1 4.631070316015636 -175.40735577343904 -1 -1 -1
p000000648 1 100000006 100000006 2 4.631070316015636 -175.40735991919863 -1 -1 -1
p000000649 1 100000006 100000006 3 4.631070316015636 -175.40735991919863 -1 -1 -1
p000000650 1 100000006 100000006 4 4.631070316015636 -175.40736406495822 -1 -1 -1
p000000651 1 100000006 100000006 5 4.631070316015636 -175.40736406495822 -1 -1 -1
p000000652 1 100000006 100000006 6 4.631070316015636 -175.40736821071783 -1 -1 -1
p000000653 1 100000006 100000006 7 4.631070316015636 -175.40736821071783 -1 -1 -1
p000000654 1 100000006 100000006 8 4.631070316015636 -175.40737235647742 -1 -1 -1
p000000655 1 100000006 100000006 9 4.631070316015636 -175.407376502237 -1 -1 -1
p000000656 1 100000006 100000006 10 4.631070316015636 -175.407376502237 -1 -1 -1
p000000657 1 100000006 100000006 11 4.631070316015636 -175.40738064799663 -1 -1 -1
p000000658 1 100000006 100000006 12 4.631070316015636 -175.40738064799663 -1 -1 -1
p000000659 1 100000006 100000006 13 4.631074448247041 -175.40738479375622 -1 -1 -1
p000000660 1 100000006 100000006 14 4.631074448247041 -175.40738479375622 -1 -1 -1
p000000661 1 100000006 100000006 15 4.631074448247041 -175.4073889395158 -1 -1 -1
p000000662 1 100000006 100000006 16 4.631070316015636 -175.4073889395158 -1 -1 -1
p000000663 1 100000006 100000006 17 4.631070316015636 -175.4073930852754 -1 -1 -1
p000000664 1 100000006 100000006 18 4.631070316015636 -175.40739723103502 -1 -1 -1
p000000665 1 100000006 100000006 19 4.631070316015636 -175.40739723103502 -1 -1 -1
p000000666 1 100000006 100000006 20 4.631070316015636 -175.4074013767946 -1 -1 -1
p000000667 1 100000006 100000006 21 4.631070316015636 -175.4074055225542 -1 -1 -1
p000000668 1 100000006 100000006 22 4.631070316015636 -175.4074055225542 -1 -1 -1
p000000669 1 100000006 100000006 23 4.631070316015636 -175.40740966831382 -1 -1 -1
p000000670 1 100000006 100000006 24 4.631070316015636 -175.4074138140734 -1 -1 -1
p000000671 1 100000006 100000006 25 4.631070316015636 -175.4074138140734 -1 -1 -1
p000000672 1 100000006 100000006 26 4.631070316015636 -175.407417959833 -1 -1 -1
p000000673 1 100000006 100000006 27 4.631070316015636 -175.407417959833 -1 -1 -1
p000000674 1 100000006 100000006 28 4.631074448247041 -175.4074221055926 -1 -1 -1
p000000675 1 100000006 100000006 29 4.631074448247041 -175.4074221055926 -1 -1 -1
p000000676 1 100000006 100000006 30 4.631074448247041 -175.4074262513522 -1 -1 -1
p000000677 1 100000006 100000006 31 4.631074448247041 -175.4074303971118 -1 -1 -1
p000000678 1 100000006 100000006 32 4.631074448247041 -175.4074303971118 -1 -1 -1
p000000679 1 100000006 100000006 33 4.631074448247041 -175.40743454287139 -1 -1 -1
p000000680 1 100000006 100000006 34 4.631074448247041 -175.40743454287139 -1 -1 -1
p000000681 1 100000006 100000006 35 4.631078580478446 -175.40743868863098 -1 -1 -1
p000000682 1 100000006 100000006 36 4.631078580478446 -175.4074428343906 -1 -1 -1
p000000683 1 100000006 100000006 37 4.631078580478446 -175.4074428343906 -1 -1 -1
p000000684 1 100000006 100000006 38 4.631078580478446 -175.40744698015018 -1 -1 -1
p000000685 1 100000006 100000006 39 4.631078580478446 -175.40745112590977 -1 -1 -1
p000000686 1 100000006 100000006 40 4.631078580478446 -175.4074552716694 -1 -1 -1
p000000687 1 100000006 100000006 41 4.631078580478446 -175.4074552716694 -1 -1 -1
p000000688 1 100000006 100000006 42 4.631078580478446 -175.40745941742898 -1 -1 -1
p000000689 1 100000006 100000006 43 4.631078580478446 -175.40745941742898 -1 -1 -1
p000000690 1 100000006 100000006 44 4.631078580478446 -175.40746356318857 -1 -1 -1
p000000691 1 100000006 100000006 45 4.631078580478446 -175.40746770894816 -1 -1 -1
p000000692 1 100000006 100000006 46 4.631082712709851 -175.40746770894816 -1 -1 -1
p000000693 1 100000006 100000006 47 4.631082712709851 -175.40747185470778 -1 -1 -1
p000000694 1 100000006 100000006 48 4.631082712709851 -175.40747185470778 -1 -1 -1
p000000695 1 100000006 100000006 49 4.631082712709851 -175.40747600046737 -1 -1 -1
p000000696 1 100000006 100000006 50 4.631082712709851 -175.40748014622696 -1 -1 -1
p000000697 1 100000006 100000006 51 4.631082712709851 -175.40748014622696 -1 -1 -1
p000000698 1 100000006 100000006 52 4.631082712709851 -175.40748014622696 -1 -1 -1
p000000699 1 100000006 100000006 53 4.631082712709851 -175.40748429198658 -1 -1 -1
p000000700 1 100000006 100000006 54 4.631082712709851 -175.40748429198658 -1 -1 -1
p000000701 1 100000006 100000006 55 4.631082712709851 -175.40748429198658 -1 -1 -1
p000000702 1 100000006 100000006 56 4.631082712709851 -175.40749258350576 -1 -1 -1
p000000703 1 100000006 100000006 57 4.631082712709851 -175.40749258350576 -1 -1 -1
p000000704 1 100000006 100000006 58 4.631082712709851 -175.40749672926535 -1 -1 -1
p000000705 1 100000006 100000006 59 4.631082712709851 -175.40750087502497 -1 -1 -1
p000000706 1 100000006 100000006 60 4.631082712709851 -175.40750087502497 -1 -1 -1
p000000707 1 100000006 100000006 61 4.631086844941255 -175.40750502078455 -1 -1 -1
p000000708 1 100000006 100000006 62 4.631086844941255 -175.40750916654414 -1 -1 -1
p000000709 1 100000006 100000006 63 4.631086844941255 -175.40750916654414 -1 -1 -1
p000000710 1 100000006 100000006 64 4.631086844941255 -175.40750916654414 -1 -1 -1
p000000711 1 100000006 100000006 65 4.6310909771726605 -175.40750916654414 -1 -1 -1
p000000712 1 100000006 100000006 66 4.6310909771726605 -175.40751331230373 -1 -1 -1
p000000713 1 100000006 100000006 67 4.6310909771726605 -175.40751745806335 -1 -1 -1
p000000714 1 100000006 100000006 68 4.6310909771726605 -175.40752160382294 -1 -1 -1
p000000715 1 100000006 100000006 69 4.6310909771726605 -175.40752160382294 -1 -1 -1
p000000716 1 100000006 100000006 70 4.6310909771726605 -175.40752574958253 -1 -1 -1
p000000717 1 100000006 100000006 71 4.6310909771726605 -175.40752574958253 -1 -1 -1
p000000718 1 100000006 100000006 72 4.6310909771726605 -175.40752989534215 -1 -1 -1
p000000719 1 100000006 100000006 73 4.6310909771726605 -175.40753404110174 -1 -1 -1
p000000720 1 100000006 100000006 74 4.6310909771726605 -175.40753404110174 -1 -1 -1
p000000721 1 100000006 100000006 75 4.6310909771726605 -175.40753818686133 -1 -1 -1
p000000722 1 100000006 100000006 76 4.6310909771726605 -175.40754233262092 -1 -1 -1
p000000723 1 100000006 100000006 77 4.6310909771726605 -175.40754233262092 -1 -1 -1
p000000724 1 100000006 100000006 78 4.6310909771726605 -175.40754647838054 -1 -1 -1
p000000725 1 100000006 100000006 79 4.6310909771726605 -175.40755062414013 -1 -1 -1
p000000726 1 100000006 100000006 80 4.6310909771726605 -175.40755062414013 -1 -1 -1
p000000727 1 100000006 100000006 81 4.6310909771726605 -175.40755476989972 -1 -1 -1
p000000728 1 100000006 100000006 82 4.6310909771726605 -175.40755476989972 -1 -1 -1
p000000729 1 100000006 100000006 83 4.6310909771726605 -175.40755891565934 -1 -1 -1
p000000730 1 100000006 100000006 84 4.6310909771726605 -175.40755891565934 -1 -1 -1
p000000731 1 100000006 100000006 85 4.6310909771726605 -175.40756306141893 -1 -1 -1
p000000732 1 100000006 100000006 86 4.6310909771726605 -175.40756720717852 -1 -1 -1
p000000733 1 100000006 100000006 87 4.6310951094040655 -175.40756720717852 -1 -1 -1
p000000734 1 100000006 100000006 88 4.6310951094040655 -175.4075713529381 -1 -1 -1
p000000735 1 100000006 100000006 89 4.6310951094040655 -175.4075713529381 -1 -1 -1
p000000736 1 100000006 100000006 90 4.6310951094040655 -175.40757549869772 -1 -1 -1
p000000737 1 100000006 100000006 91 4.6310951094040655 -175.40757549869772 -1 -1 -1
p000000738 1 100000006 100000006 92 4.6310951094040655 -175.40757964445731 -1 -1 -1
p000000739 1 100000006 100000006 93 4.6310951094040655 -175.40757964445731 -1 -1 -1
p000000740 1 100000006 100000006 94 4.6310951094040655 -175.4075837902169 -1 -1 -1
p000000741 1 100000006 100000006 95 4.631099241635471 -175.4075837902169 -1 -1 -1
p000000742 1 100000006 100000006 96 4.631099241635471 -175.40758793597652 -1 -1 -1
p000000743 1 100000006 100000006 97 4.631099241635471 -175.40758793597652 -1 -1 -1
p000000744 1 100000006 100000006 98 4.631099241635471 -175.4075920817361 -1 -1 -1
p000000745 1 100000006 100000006 99 4.631099241635471 -175.4075962274957 -1 -1 -1
p000000746 1 100000006 100000006 100 4.631099241635471 -175.4075962274957 -1 -1 -1
p000000747 1 100000006 100000006 101 4.631099241635471 -175.4076003732553 -1 -1 -1
p000000748 1 100000006 100000006 102 4.631099241635471 -175.4076045190149 -1 -1 -1
p000000749 1 100000006 100000006 103 4.631099241635471 -175.4076086647745 -1 -1 -1
p000000750 1 100000006 100000006 104 4.631099241635471 -175.4076086647745 -1 -1 -1
p000000751 1 100000006 100000006 105 4.631099241635471 -175.4076003732553 -1 -1 -1
p000000752 1 100000006 100000006 106 4.631099241635471 -175.4076128105341 -1 -1 -1
p000000753 1 100000006 100000006 107 4.631099241635471 -175.40761695629368 -1 -1 -1
p000000754 1 100000006 100000006 108 4.631099241635471 -175.4076211020533 -1 -1 -1
p000000755 1 100000006 100000006 109 4.631099241635471 -175.4076211020533 -1 -1 -1
p000000756 1 100000006 100000006 110 4.631103373866876 -175.4076252478129 -1 -1 -1
p000000757 1 100000006 100000006 111 4.631103373866876 -175.4076252478129 -1 -1 -1
p000000758 1 100000006 100000006 112 4.631103373866876 -175.4076252478129 -1 -1 -1
p000000759 1 100000006 100000006 113 4.631103373866876 -175.4076335393321 -1 -1 -1
p000000760 1 100000006 100000006 114 4.631103373866876 -175.4076376850917 -1 -1 -1
p000000761 1 100000006 100000006 115 4.631103373866876 -175.4076376850917 -1 -1 -1
p000000762 1 100000006 100000006 116 4.631103373866876 -175.4076376850917 -1 -1 -1
p000000763 1 100000006 100000006 117 4.631103373866876 -175.40764183085128 -1 -1 -1
p000000764 1 100000006 100000006 118 4.631107506098281 -175.40764183085128 -1 -1 -1
p000000765 1 100000006 100000006 119 4.631107506098281 -175.40764597661087 -1 -1 -1
p000000766 1 100000006 100000006 120 4.631107506098281 -175.40765012237048 -1 -1 -1
p000000767 1 100000006 100000006 121 4.631107506098281 -175.40765012237048 -1 -1 -1
p000000768 1 100000006 100000006 122 4.631107506098281 -175.40765426813007 -1 -1 -1
p000000769 1 100000006 100000006 123 4.631107506098281 -175.40765426813007 -1 -1 -1
p000000770 1 100000006 100000006 124 4.631107506098281 -175.40765841388966 -1 -1 -1
p000000771 1 100000006 100000006 125 4.631107506098281 -175.40765841388966 -1 -1 -1
p000000772 1 100000006 100000006 126 4.631107506098281 -175.40766255964928 -1 -1 -1
p000000773 1 100000006 100000006 127 4.631107506098281 -175.40766255964928 -1 -1 -1
p000000774 1 100000006 100000006 128 4.631107506098281 -175.40766670540887 -1 -1 -1
p000000775 1 100000006 100000006 129 4.631107506098281 -175.40767085116846 -1 -1 -1
p000000776 1 100000006 100000006 130 4.631107506098281 -175.40767085116846 -1 -1 -1
p000000777 1 100000006 100000006 131 4.631107506098281 -175.40767499692805 -1 -1 -1
p000000778 1 100000006 100000006 132 4.631107506098281 -175.40767499692805 -1 -1 -1
p000000779 1 100000006 100000006 133 4.631111638329686 -175.40767499692805 -1 -1 -1
p000000780 1 100000006 100000006 134 4.631111638329686 -175.40767914268767 -1 -1 -1
p000000781 1 100000006 100000006 135 4.631111638329686 -175.40768328844726 -1 -1 -1
p000000782 1 100000006 100000006 136 4.631111638329686 -175.40768328844726 -1 -1 -1
p000000783 1 100000006 100000006 137 4.631111638329686 -175.40768743420685 -1 -1 -1
p000000784 1 100000006 100000006 138 4.631111638329686 -175.40769157996647 -1 -1 -1
p000000785 1 100000006 100000006 139 4.631111638329686 -175.40769157996647 -1 -1 -1
p000000786 1 100000006 100000006 140 4.631111638329686 -175.40769572572606 -1 -1 -1
p000000787 1 100000006 100000006 141 4.631111638329686 -175.40769987148565 -1 -1 -1
p000000788 1 100000006 100000006 142 4.631115770561091 -175.40770401724524 -1 -1 -1
p000000789 1 100000006 100000006 143 4.631115770561091 -175.40770401724524 -1 -1 -1
p000000790 1 100000006 100000006 144 4.631115770561091 -175.40770816300486 -1 -1 -1
p000000791 1 100000006 100000006 145 4.631115770561091 -175.40770816300486 -1 -1 -1
p000000792 1 100000006 100000006 146 4.631115770561091 -175.40770816300486 -1 -1 -1
p000000793 1 100000006 100000006 147 4.631115770561091 -175.40771230876445 -1 -1 -1
p000000794 1 100000006 100000006 148 4.631115770561091 -175.40771230876445 -1 -1 -1
p000000795 1 100000006 100000006 149 4.631115770561091 -175.40771645452404 -1 -1 -1
p000000796 1 100000006 100000006 150 4.631115770561091 -175.40772060028362 -1 -1 -1
p000000797 1 100000006 100000006 151 4.631115770561091 -175.40772060028362 -1 -1 -1
p000000798 1 100000006 100000006 152 4.631115770561091 -175.40772474604324 -1 -1 -1
p000000799 1 100000006 100000006 153 4.631115770561091 -175.40772889180283 -1 -1 -1
p000000800 1 100000006 100000006 154 4.631115770561091 -175.40772889180283 -1 -1 -1
p000000801 1 100000006 100000006 155 4.631115770561091 -175.40773303756242 -1 -1 -1
p000000802 1 100000006 100000006 156 4.631115770561091 -175.40773303756242 -1 -1 -1
p000000803 1 100000006 100000006 157 4.631115770561091 -175.40773718332204 -1 -1 -1
p000000804 1 100000006 100000006 158 4.631119902792496 -175.40774132908163 -1 -1 -1
p000000805 1 100000006 100000006 159 4.631119902792496 -175.40774547484122 -1 -1 -1
p000000806 1 100000006 100000006 160 4.631119902792496 -175.40774547484122 -1 -1 -1
p000000807 1 100000006 100000006 161 4.631119902792496 -175.4077496206008 -1 -1 -1
p000000808 1 100000006 100000006 162 4.631119902792496 -175.40775376636043 -1 -1 -1
p000000809 1 100000006 100000006 163 4.631119902792496 -175.40775376636043 -1 -1 -1
p000000810 1 100000006 100000006 164 4.6311240350239 -175.40775791212002 -1 -1 -1
p000000811 1 100000006 100000006 165 4.6311240350239 -175.40775791212002 -1 -1 -1
p000000812 1 100000006 100000006 166 4.6311240350239 -175.40775791212002 -1 -1 -1
p000000813 1 100000006 100000006 167 4.6311240350239 -175.4077620578796 -1 -1 -1
p000000814 1 100000006 100000006 168 4.6311240350239 -175.4077620578796 -1 -1 -1
p000000815 1 100000006 100000006 169 4.6311240350239 -175.40776620363923 -1 -1 -1
p000000816 1 100000006 100000006 170 4.631119902792496 -175.40777034939882 -1 -1 -1
p000000817 1 100000006 100000006 171 4.6311240350239 -175.40777034939882 -1 -1 -1
p000000818 1 100000006 100000006 172 4.6311240350239 -175.4077744951584 -1 -1 -1
p000000819 1 100000006 100000006 173 4.6311240350239 -175.4077744951584 -1 -1 -1
p000000820 1 100000006 100000006 174 4.6311240350239 -175.407778640918 -1 -1 -1
p000000821 1 100000006 100000006 175 4.6311240350239 -175.407778640918 -1 -1 -1
p000000822 1 100000006 100000006 176 4.6311240350239 -175.40778278667761 -1 -1 -1
p000000823 1 100000006 100000006 177 4.6311240350239 -175.40778278667761 -1 -1 -1
p000000824 1 100000006 100000006 178 4.6311240350239 -175.4077869324372 -1 -1 -1
p000000825 1 100000006 100000006 179 4.6311240350239 -175.4077869324372 -1 -1 -1
p000000826 1 100000006 100000006 180 4.6311240350239 -175.4077910781968 -1 -1 -1
p000000827 1 100000006 100000006 181 4.6311240350239 -175.4077910781968 -1 -1 -1
p000000828 1 100000006 100000006 182 4.6311240350239 -175.40779522395638 -1 -1 -1
p000000829 1 100000006 100000006 183 4.631128167255305 -175.407799369716 -1 -1 -1
p000000830 1 100000006 100000006 184 4.631128167255305 -175.4078035154756 -1 -1 -1
p000000831 1 100000006 100000006 185 4.631128167255305 -175.4078035154756 -1 -1 -1
p000000832 1 100000006 100000006 186 4.631128167255305 -175.40780766123518 -1 -1 -1
p000000833 1 100000006 100000006 187 4.631128167255305 -175.40780766123518 -1 -1 -1
p000000834 1 100000006 100000006 188 4.631128167255305 -175.4078118069948 -1 -1 -1
p000000835 1 100000006 100000006 189 4.631128167255305 -175.4078118069948 -1 -1 -1
p000000836 1 100000006 100000006 190 4.63113229948671 -175.4078159527544 -1 -1 -1
p000000837 1 100000006 100000006 191 4.63113229948671 -175.4078159527544 -1 -1 -1
p000000838 1 100000006 100000006 192 4.631128167255305 -175.40782009851398 -1 -1 -1
p000000839 1 100000006 100000006 193 4.631128167255305 -175.40782009851398 -1 -1 -1
p000000840 1 100000006 100000006 194 4.631128167255305 -175.40782424427357 -1 -1 -1
p000000841 1 100000006 100000006 195 4.631128167255305 -175.4078283900332 -1 -1 -1
p000000842 1 100000006 100000006 196 4.631128167255305 -175.4078283900332 -1 -1 -1
p000000843 1 100000006 100000006 197 4.631128167255305 -175.40783253579278 -1 -1 -1
p000000844 1 100000006 100000006 198 4.631128167255305 -175.40783668155237 -1 -1 -1
p000000845 1 100000006 100000006 199 4.631128167255305 -175.407840827312 -1 -1 -1
p000000846 1 100000006 100000006 200 4.631128167255305 -175.407840827312 -1 -1 -1
p000000847 1 100000006 100000006 201 4.63113229948671 -175.407840827312 -1 -1 -1
p000000848 1 100000006 100000006 202 4.63113229948671 -175.40784497307158 -1 -1 -1
p000000849 1 100000006 100000006 203 4.63113229948671 -175.40784911883117 -1 -1 -1
p000000850 1 100000006 100000006 204 4.631136431718115 -175.40784911883117 -1 -1 -1
p000000851 1 100000006 100000006 205 4.631136431718115 -175.40785326459076 -1 -1 -1
p000000852 1 100000006 100000006 206 4.631136431718115 -175.40785741035037 -1 -1 -1
p000000853 1 100000006 100000006 207 4.631136431718115 -175.40785741035037 -1 -1 -1
p000000854 1 100000006 100000006 208 4.631136431718115 -175.40786155610996 -1 -1 -1
p000000855 1 100000006 100000006 209 4.631136431718115 -175.40786155610996 -1 -1 -1
p000000856 1 100000006 100000006 210 4.631136431718115 -175.40786570186955 -1 -1 -1
p000000857 1 100000006 100000006 211 4.631136431718115 -175.40786570186955 -1 -1 -1
p000000858 1 100000006 100000006 212 4.631136431718115 -175.40786984762917 -1 -1 -1
p000000859 1 100000006 100000006 213 4.631136431718115 -175.40787399338876 -1 -1 -1
